0.000000000000000000e+00
0.000000000000000000e+00
3.386002574421701578e-19
3.709543931264161441e-19
3.817817220556407153e-19
3.807473326996431541e-19
3.686007282415789307e-19
3.390495974605454478e-19
3.366102935329148538e-19
4.062450716840136631e-19
3.856648697424826191e-19
3.226650365316423562e-19
3.167792070336271455e-19
2.935598853477456667e-19
3.307881310926720839e-19
3.894705984938683880e-19
4.127437386183540982e-19
3.735247793317422507e-19
4.872030735415625837e-19
3.583335556834176129e-19
3.748832683914957450e-19
3.952479897834567253e-19
3.673152378708832411e-19
3.071113526786546386e-19
2.789829467018182211e-19
2.425481739594832957e-19
2.394121254621416295e-19
2.436084385590172812e-19
2.353689700255589993e-19
2.443119298205994889e-19
2.515431944343263414e-19
2.413140721843424629e-19
2.404674786767885814e-19
2.404789299583936124e-19
2.635009173693929095e-19
2.735540052452678468e-19
2.831585544339859048e-19
2.617289414009394705e-19
2.416594459394774943e-19
2.648247682409957457e-19
2.939143580896187814e-19
3.375767765305006398e-19
2.980581969163856003e-19
2.516508571609289464e-19
2.545810410833214778e-19
2.544754463082502554e-19
2.476179380844266600e-19
2.412116827341448835e-19
2.919028874844370986e-19
3.400957224414836050e-19
3.299775716405525437e-19
2.851287435567223630e-19
2.484188298631369868e-19
2.353813001865648679e-19
2.468344687973682314e-19
2.515162593656300834e-19
2.427308257784926611e-19
2.308255771135349257e-19
2.136925082031508420e-19
1.950609499143386641e-19
2.115998058768770377e-19
2.360088976269453354e-19
2.469520318419273304e-19
2.559225729405176350e-19
2.659935227477448892e-19
2.580576036496994263e-19
2.371699231648459366e-19
2.314290312197865017e-19
2.307017326661992521e-19
2.214970477554681561e-19
2.233322771913877594e-19
2.340783356254289956e-19
2.315542715344058585e-19
2.346975320127132214e-19
2.731141002557544897e-19
2.720603497035443593e-19
3.049534969544452122e-19
2.828020137405814076e-19
2.813568258128746991e-19
2.412774694422369915e-19
2.460121220215198105e-19
2.368894055396138910e-19
2.351464067419939503e-19
2.471009502015810177e-19
2.515611597632552275e-19
2.357350491454019986e-19
2.264084843412900425e-19
2.236241685500424090e-19
2.203534964080077376e-19
2.329748249894949721e-19
2.581975264201915994e-19
2.627683196900064921e-19
2.383977435372101947e-19
2.329713353212857641e-19
2.205974629899225962e-19
2.152314777328057500e-19
2.280178676205885270e-19
2.363423289619866324e-19
2.525030599870117032e-19
2.318255092271408247e-19
2.276198386495856669e-19
2.334066391186417949e-19
2.442272213559952304e-19
2.393540677228980638e-19
2.602956700439323541e-19
2.586498649682873941e-19
2.548913889093937169e-19
2.504272243904157379e-19
2.326367149141139221e-19
2.481531756395367535e-19
2.710809420088874323e-19
2.851428831753181913e-19
2.709215029458178362e-19
2.422405144704018539e-19
2.200692564700192035e-19
2.227540779432131931e-19
2.336886043099458082e-19
2.355698715168328159e-19
2.383731607633808844e-19
2.294328117571487654e-19
2.423126084306646787e-19
2.454163451853284923e-19
2.322462081168064662e-19
2.166086946786153276e-19
2.062179749411509725e-19
2.393099428070971883e-19
2.249173103414042141e-19
2.106026008743531494e-19
2.077352439044234347e-19
2.277744955747389408e-19
2.223439773051458873e-19
2.310733694057828421e-19
2.247613609465438261e-19
2.318918646219040629e-19
2.379736066781236298e-19
2.551041552725788410e-19
2.551647204030542080e-19
2.356031655364880753e-19
2.572165677618861354e-19
2.585511719814521610e-19
2.831202973306553273e-19
2.953432608990158521e-19
3.830462744170811563e-19
5.092514693715869672e-19
6.627185469124916145e-19
6.105010129862800674e-19
4.085662180310198856e-19
3.343244574583069887e-19
3.187429855066163178e-19
3.282713048320087858e-19
3.079570414574135402e-19
3.242305016902931034e-19
3.692682888453033663e-19
4.569757743085552853e-19
5.386727844952379092e-19
4.756760532116947202e-19
3.863372383335175192e-19
3.426261196340716013e-19
3.579582741792599612e-19
3.515383703488710597e-19
3.459998016117632669e-19
3.502426436180950264e-19
3.675998655497839095e-19
4.148006007596496283e-19
4.328355421069608639e-19
3.762946453116643485e-19
4.186542801371693306e-19
4.311532376867870016e-19
3.917390896250067819e-19
3.833575528213425175e-19
3.591823980882618730e-19
3.436037178711385686e-19
3.031024735387046745e-19
2.944721363164209448e-19
2.923404401790835080e-19
2.956980955324069587e-19
3.163996862288301595e-19
3.460531030624846526e-19
3.088427192489105523e-19
2.683165561005234983e-19
2.609903208127179014e-19
2.794579034697885127e-19
2.790593058121145224e-19
2.912402382655996966e-19
2.886459930694802635e-19
3.138374684320530140e-19
3.526653005358979908e-19
3.343413371126818989e-19
3.381480481410450745e-19
3.052197198647165757e-19
3.160364246929486689e-19
3.209605533312944158e-19
3.065504208257671167e-19
3.162458047855011541e-19
2.899368342647634055e-19
2.865593265767386821e-19
3.009229301728098734e-19
2.998657158017846772e-19
2.932846151495245045e-19
2.972250709431798478e-19
3.126367899235381520e-19
3.040639934526151423e-19
3.184741259581424415e-19
3.209090096393747053e-19
2.832253492684495618e-19
3.021220835670703407e-19
3.096320821978334213e-19
2.750819370836240003e-19
3.003005284606520047e-19
3.080423703074772135e-19
3.139623210057602366e-19
3.300876900595986655e-19
3.486773077064149907e-19
2.951227138681939011e-19
3.304841680669529886e-19
3.725122068644007757e-19
3.512930595984608024e-19
3.927609937236336207e-19
4.261348880067926364e-19
3.736024826105339508e-19
3.182597310831263536e-19
3.103841703204031194e-19
2.884561809682934860e-19
2.686297215105572462e-19
2.774272267647591143e-19
2.893587125647712660e-19
2.654788613103720523e-19
2.642076915040311871e-19
2.754130678225866342e-19
2.430612068850251688e-19
2.465110928766482821e-19
2.600106546241195515e-19
2.500984459463200517e-19
2.306753921335682666e-19
2.309521615966496812e-19
2.479221596040871782e-19
2.390282102603404555e-19
2.486373606412158398e-19
2.516424302584385624e-19
2.416201807097753677e-19
2.495316721303563741e-19
2.477486843199983229e-19
2.460636915628336633e-19
2.610892205947062727e-19
2.502547313833042894e-19
2.546416837619792717e-19
2.495813805152919826e-19
2.335384968781615759e-19
2.409897398360392492e-19
2.801832891682092334e-19
3.262562928598296104e-19
3.820570439526501621e-19
3.610992857602769455e-19
2.887384305029330644e-19
2.576371632539752077e-19
2.465534858830416248e-19
2.417966028247964432e-19
2.388154438971553314e-19
2.387480545266264019e-19
2.385439218610848001e-19
2.339086085034907713e-19
2.153332467975439147e-19
2.054215680323243317e-19
2.056163044430952140e-19
2.386636045559635663e-19
2.205337959321501554e-19
2.288285046208904941e-19
2.440438199045557388e-19
2.435679584077904674e-19
2.303482163519094019e-19
2.321779140174825568e-19
2.250706747968503739e-19
2.468502886265833080e-19
2.628835562890927857e-19
2.912023430537871110e-19
2.892593474936883336e-19
3.365062238720980260e-19
3.156711210549299381e-19
2.566082022707475258e-19
2.491775871293953937e-19
2.224938779417769813e-19
2.260679702722537602e-19
2.439404223279866104e-19
2.386782611624422402e-19
2.616502041463820792e-19
2.417190287929754545e-19
2.292424826680791421e-19
2.253385779177409857e-19
2.011103026796979515e-19
2.026873742163185833e-19
2.036841527038391239e-19
2.092065914190021326e-19
2.080489392270370993e-19
2.274361528548106102e-19
2.111462524072565557e-19
2.322240034872382458e-19
2.263242411657803451e-19
2.201806673587724394e-19
2.061758404286990527e-19
2.149131036698523323e-19
2.188920750607796760e-19
2.132997654332500787e-19
2.385766213446747870e-19
2.372256027598284122e-19
3.071863159216672567e-19
3.974366062866954674e-19
4.064888831695636680e-19
3.454224553935953959e-19
2.683852637901536842e-19
2.497075772574946039e-19
2.478643603587850354e-19
2.456986464187563552e-19
2.307583945381591345e-19
2.055614261793311491e-19
2.306933574624971527e-19
2.123054814122642683e-19
2.120181136975845180e-19
2.232316971987801397e-19
2.247110580255429451e-19
2.150011467063009452e-19
2.081462880453769337e-19
2.099465174016278870e-19
2.266799805279664315e-19
2.203280864535658743e-19
2.246432550647077391e-19
2.181465268349279752e-19
2.122210443662985038e-19
2.027071619275345002e-19
2.150736801062641888e-19
2.288086522861892214e-19
2.000958432065840899e-19
2.140394975454197660e-19
2.320644868759862229e-19
2.282158998291125502e-19
2.602945326705900937e-19
2.531134934296816953e-19
2.423909837937040781e-19
2.475585620260818380e-19
2.781076345173722641e-19
3.186268958775233288e-19
3.292627066455477318e-19
3.259891393713691248e-19
2.838417539211664211e-19
2.624929460942087607e-19
2.404603442440053115e-19
2.447399699382015385e-19
2.441441672526160780e-19
2.453624491985418341e-19
2.442106518943500276e-19
2.551020356222591739e-19
2.564565955741030412e-19
2.556419002189207358e-19
2.772689767738200632e-19
2.539969740226766134e-19
2.630012485806225962e-19
2.474148910934390340e-19
2.191510859900853428e-19
2.567373458438823673e-19
2.661811893492178574e-19
2.618065412821546014e-19
2.496797891587916506e-19
2.509145371687860404e-19
2.584453445618336580e-19
2.574759922814980787e-19
2.910901825326037489e-19
3.939247851467074461e-19
4.783367830495481028e-19
4.176526936623383255e-19
3.274926435322608217e-19
2.777242363034539358e-19
2.656244709475755275e-19
2.710886192789476901e-19
2.791195090510718975e-19
2.779440337018457606e-19
2.686536063507447148e-19
2.550470798103126821e-19
2.446985850581797448e-19
2.428133887433831102e-19
2.415208414880865776e-19
2.315394598315623309e-19
2.373119655856577768e-19
2.265459514193386988e-19
2.199197952730885283e-19
2.198853121813027240e-19
2.220664065108460620e-19
2.246223429048466329e-19
2.108671952727935491e-19
2.160724748465278275e-19
2.361189384978090303e-19
2.318072595548763736e-19
2.312748395837277889e-19
2.410939904426150730e-19
2.557546552761693704e-19
2.753899843136175762e-19
2.682390596168849366e-19
2.553571949918376406e-19
2.653750501434966474e-19
2.767536432521995269e-19
2.794281249677366037e-19
2.910500642728949271e-19
3.184501635697725460e-19
3.034828732229024981e-19
2.875622313706709436e-19
2.870005240359591532e-19
2.798439900206976383e-19
2.760198823500767068e-19
2.896152936510275583e-19
2.654105155122598584e-19
2.844495765750280427e-19
2.745087526179130367e-19
2.662526112252329829e-19
2.767338684656806811e-19
2.648411567568819526e-19
2.616352114977795556e-19
2.377841047696665596e-19
2.488474386674101665e-19
2.442917931425626511e-19
2.556050648322679838e-19
2.486162933849898798e-19
2.321464036060231149e-19
2.534493287583782246e-19
2.348501726851233973e-19
2.352738701045095434e-19
2.355810643044964241e-19
2.547928510189233375e-19
2.367621489722514362e-19
2.399957789324802174e-19
2.351397634476993838e-19
2.344446473898192755e-19
2.320689846705669800e-19
2.597491104541879410e-19
3.288664612827406892e-19
3.926168316525021134e-19
3.689473686170269338e-19
2.951802546195546211e-19
2.549046754979828499e-19
2.524265457803505481e-19
2.504826454914567908e-19
2.518390924490730448e-19
2.474625573762374022e-19
2.526292567292143245e-19
2.333473923072676843e-19
2.386413740770012037e-19
2.465885376614985593e-19
2.237598520198952479e-19
2.298473843404026859e-19
2.185796075843877698e-19
2.361402125491881285e-19
2.343001492765639184e-19
2.394815310854136570e-19
2.407227155945494750e-19
2.291989522883435391e-19
2.464444531385494788e-19
2.428796148911756369e-19
2.481287996608605814e-19
2.585353004534487998e-19
2.499696384153090600e-19
2.505434691158735806e-19
2.367737811996154631e-19
2.362415163248317321e-19
2.353190548454702526e-19
2.360558142773135774e-19
2.451365254937382884e-19
2.444488023625828727e-19
2.452528736167727002e-19
2.451900854384010969e-19
2.537517408204487830e-19
2.535993327925858877e-19
2.430462400858167874e-19
2.424627934106313378e-19
2.366803614891852556e-19
2.355581100424980776e-19
2.652785026563752237e-19
2.674257859783804567e-19
2.531183789651745866e-19
2.536186939887984570e-19
2.443903827318213151e-19
2.483782204649394616e-19
2.553952453000150799e-19
2.503471429673629480e-19
2.353562779730351388e-19
2.259072904382653346e-19
2.440455259645691294e-19
2.559904792989294101e-19
2.817518045553687698e-19
2.936057938717423598e-19
2.791650298341564563e-19
2.512886037514190049e-19
2.325745729705958759e-19
2.228224237413253870e-19
2.319761336468079026e-19
2.444762285697678340e-19
2.384499593133776046e-19
2.189300219713805461e-19
2.235765022672440408e-19
2.440358065923716314e-19
2.397287546909904431e-19
2.291525009270698581e-19
2.259905254874034830e-19
2.226330252304448859e-19
2.174650851065491341e-19
1.917602537010077320e-19
2.303954948937956359e-19
2.611356978053740960e-19
2.975705222464973060e-19
2.991450863918861364e-19
2.723616502416667996e-19
2.531376109144164445e-19
2.355634350176913877e-19
2.328143002518714002e-19
2.416780316538657951e-19
2.367134745630815190e-19
2.303217465723077050e-19
2.236531974196641919e-19
2.160478403739102326e-19
2.410381557512677436e-19
2.463432010616941598e-19
2.449238883775238757e-19
2.549844725777000748e-19
2.341159981926943007e-19
2.205426364249468159e-19
2.330539758343586400e-19
2.445852096154716954e-19
2.389755550444726268e-19
2.426053269699318814e-19
2.394908368673048785e-19
2.648860313051129543e-19
2.610142056529053700e-19
2.652468629979450704e-19
2.778535091235594886e-19
2.685806076616869101e-19
2.575583226018412473e-19
2.445861401936608176e-19
2.380283039961286987e-19
2.390735500976660183e-19
2.508960290025801664e-19
2.407073610544289594e-19
2.376812758797685614e-19
2.567124011785350650e-19
2.515207830096049828e-19
2.461870965704689181e-19
2.431149219260528310e-19
2.455273424837754517e-19
2.428521628345965333e-19
2.419721202110225387e-19
2.469684979059959641e-19
2.462740797817576974e-19
2.472865747009167456e-19
2.441707921285826286e-19
2.409747213380425833e-19
2.411323250941280774e-19
2.518152593076738607e-19
2.482670680701276485e-19
2.579201624210449123e-19
2.659915323443959335e-19
2.495931419896267209e-19
2.410236800905480656e-19
2.266333223715396123e-19
2.255123892439536907e-19
2.172868276845439566e-19
2.210808725097774140e-19
2.140950349687344591e-19
2.351741431419086190e-19
2.459783110139817054e-19
2.335672672538419359e-19
2.499725335474529955e-19
2.558093008953861548e-19
2.396306562402204825e-19
2.487752413095707726e-19
2.485014445268157204e-19
2.281518450304279752e-19
2.326018699308101258e-19
2.126353455309139303e-19
2.165791746705048415e-19
2.274488707567286130e-19
2.220706199620912539e-19
2.366574072271869091e-19
2.282274545082941503e-19
2.357006436017986211e-19
2.410832629440460259e-19
2.484596202070935079e-19
2.427589757687136063e-19
2.608549475355947699e-19
2.693654728160290220e-19
2.605154157435358943e-19
2.526496519011925851e-19
2.514903582726995168e-19
2.555774835287181688e-19
2.518558428564772436e-19
2.203803539285215687e-19
2.207024632289285462e-19
2.182796512147607281e-19
2.275881472923672291e-19
2.185561363345065776e-19
2.077226164753849299e-19
2.035576845429980087e-19
1.981638982624811380e-19
2.009654426749246025e-19
2.111958315452214528e-19
2.095745187705263051e-19
2.016965152400566253e-19
2.099990175211308620e-19
2.279128673815825770e-19
2.469522127876863264e-19
2.235477835903519654e-19
2.281546626143894839e-19
2.284084519660784097e-19
2.243050157423559777e-19
2.310230147859936765e-19
2.438350860468568107e-19
2.608132524628432689e-19
2.870321378449951643e-19
2.977295218698664833e-19
2.493358371203344448e-19
2.317339765224830038e-19
2.293009281482348420e-19
2.322610198196499938e-19
2.377630892122288842e-19
2.490324686306806219e-19
2.480975994421308469e-19
2.258557984451339086e-19
2.249507336080301849e-19
2.231546660042361390e-19
2.266104715071178349e-19
2.277026342590233966e-19
2.150835158007353272e-19
2.202877872480980565e-19
2.360883069657504260e-19
2.375947579575743431e-19
2.412421591698386341e-19
2.378494261886641065e-19
2.381344416084769091e-19
2.542295927205630102e-19
2.818512988734224137e-19
2.891948532553033397e-19
2.680822571920178533e-19
2.570073686150926463e-19
2.534963229569288934e-19
2.546376512564930757e-19
2.764535834849959161e-19
2.984685560483943289e-19
2.786008668070011491e-19
2.540192820498214029e-19
2.517780620295031167e-19
2.444952537238565537e-19
2.347588984744069991e-19
2.427000133006750608e-19
2.369011153151603448e-19
2.169525950182842489e-19
2.373332137876427327e-19
2.348568418288121061e-19
2.295139013065731043e-19
2.422633136360353467e-19
2.500641696496873856e-19
2.392556332300042536e-19
2.381569305813806945e-19
2.430942941095272899e-19
2.314059218614233015e-19
2.260307212952947317e-19
2.375711057619341550e-19
2.309970102954865407e-19
2.346747328470797286e-19
2.164279944888637045e-19
2.313396181654483478e-19
2.344057957504234255e-19
2.248572105000234082e-19
2.441148023408704455e-19
2.483784531094867421e-19
2.535338304278293448e-19
2.494820154442090501e-19
2.478890206807967725e-19
2.500055690731668321e-19
2.403180691786461908e-19
2.444457262846799411e-19
2.341503261881152513e-19
2.438089006105906790e-19
2.365165538785056138e-19
2.345367487811482266e-19
2.345510176467147664e-19
2.341379184789269559e-19
2.325786313254762142e-19
2.335907902025114127e-19
2.323010863805705311e-19
2.373815263052946579e-19
2.355225671255524397e-19
2.320388701263912213e-19
2.307964189969424315e-19
2.332726617088023467e-19
2.341258209624683679e-19
2.390023608661981734e-19
2.382597336218845505e-19
2.546309562634102246e-19
2.429193971087606091e-19
2.393819850685717285e-19
2.356215444557232379e-19
2.407093514577779151e-19
2.382715726444017157e-19
2.395590792678405033e-19
2.388673236311988916e-19
2.356822388331693163e-19
2.353914331490686425e-19
2.321469205939059606e-19
2.412970891323909836e-19
2.477736806841339097e-19
2.356694950818571712e-19
2.338764260077836300e-19
2.356193989560094285e-19
2.431635963352227482e-19
2.537024977246077356e-19
2.518504920318897912e-19
2.539016156076857347e-19
2.685123135623630008e-19
2.498945200759315881e-19
2.441158621660302791e-19
2.336421787980662695e-19
2.539347028321878558e-19
2.397640649633888005e-19
2.576447629758530386e-19
2.460689906886328311e-19
2.550030841414825179e-19
2.400972895032769592e-19
2.482242097746397447e-19
2.445052832887837591e-19
2.392367631722803876e-19
2.326042222256770735e-19
2.173495383147331331e-19
2.302100254908247617e-19
2.277632769376811904e-19
2.220071596994719514e-19
2.433654284046856870e-19
2.377555928879276224e-19
2.312897805335420279e-19
2.286899260188937197e-19
2.308805070760872752e-19
2.345733773726478404e-19
2.428547219246166193e-19
2.249597808959799836e-19
2.110860879423903941e-19
2.235598552574164111e-19
2.306192989482795144e-19
2.301375954884380872e-19
2.335746343311724863e-19
2.667343922332568369e-19
2.900443418950011568e-19
2.984878655458186137e-19
2.549469134080113389e-19
2.413682008156764017e-19
2.456082510874407947e-19
2.268786331219498696e-19
2.439439636949841030e-19
2.330018117569795147e-19
2.296177641722367939e-19
2.291566626795267655e-19
2.435685787932498821e-19
2.554975830514243748e-19
2.779774311190775891e-19
2.807053176829126207e-19
2.434834308889452048e-19
2.362808332533221432e-19
2.452015367200061279e-19
2.388125746144055381e-19
2.181666893623589553e-19
2.234105491568505896e-19
2.375368036159073466e-19
2.417450849822708749e-19
2.199950687088308538e-19
2.332205234808173636e-19
2.250620669486009940e-19
2.365356824301709026e-19
2.414763805301618523e-19
2.329341380431150201e-19
2.471432398103977912e-19
2.613249929186780279e-19
2.558749325071134091e-19
2.434362557446355400e-19
2.510234923650957595e-19
2.576762733873124805e-19
2.660249556110219043e-19
2.681947020565367805e-19
2.511712992008013286e-19
2.470125452736144129e-19
2.473062202404648800e-19
2.328473099281910945e-19
2.235632156786549078e-19
2.501596314622548335e-19
2.369525039107152017e-19
2.353222601703438956e-19
2.367448815769643917e-19
2.448086776278317243e-19
2.440791560263482385e-19
2.229907291465857858e-19
2.418421236078810020e-19
2.333872779224292256e-19
2.533428809533003068e-19
2.461936881659752000e-19
2.549812414034322895e-19
2.523218815834684478e-19
2.467470461463790333e-19
2.530321712357100758e-19
2.478411217534511238e-19
2.536684282231282078e-19
2.430303944072075685e-19
2.357413822469668578e-19
2.421284573467950610e-19
2.447616317304927709e-19
2.350943977609796787e-19
2.493519412928850865e-19
2.410905783225882918e-19
2.525763688687992153e-19
2.493756968861018438e-19
2.427977240105328872e-19
2.387648307834247430e-19
2.459109474928469183e-19
2.448248334991706506e-19
2.309323351113425508e-19
2.260753631989784529e-19
2.346477719289893283e-19
2.333212327203956948e-19
2.417446713919645984e-19
2.362268597183530582e-19
2.318289213471676060e-19
2.294305111610701022e-19
2.427854972471035877e-19
2.502267364894481979e-19
2.527139910432127252e-19
2.623947700952563732e-19
2.350455941048390501e-19
2.344048910216284456e-19
2.544362844761246980e-19
2.471239303129735065e-19
2.462823515878832277e-19
2.462359777747919736e-19
2.532190106565704909e-19
2.496589028483246866e-19
2.449055353076828554e-19
2.444904457365460892e-19
2.338167914554973852e-19
2.311381738368975433e-19
2.412275025633599601e-19
2.245158692503745729e-19
2.425222728665527290e-19
2.361487428492550816e-19
2.329228677072689851e-19
2.500501075792739842e-19
2.428954864191789981e-19
2.529537441738823919e-19
2.540640273510816932e-19
2.520000307770028932e-19
2.377903603230489919e-19
2.384687776723131860e-19
2.236044196129177055e-19
2.422272795806010055e-19
2.448997191940008419e-19
2.496347078154075106e-19
2.434377291601016501e-19
2.421929774345741971e-19
2.556866713695751684e-19
2.738651544025584966e-19
2.710968910850732203e-19
2.610748483315631639e-19
2.740686925320348259e-19
2.924866960511405402e-19
2.981756307139739880e-19
2.707039285953222476e-19
2.467565845728175354e-19
2.338688521352999414e-19
2.222275257845349064e-19
2.382664803137556861e-19
2.284399365281437093e-19
2.432375514518638174e-19
2.360005224232432360e-19
2.349377504324774491e-19
2.231165898466645574e-19
2.394174504373349396e-19
2.498024703833909215e-19
2.515578251914108731e-19
2.376740897481970069e-19
2.502019469204657493e-19
2.447582196104659896e-19
2.530657754480950425e-19
2.505615895411673204e-19
2.611356202571916691e-19
2.592065058217472972e-19
2.700620881387693827e-19
2.566898863562371373e-19
2.606599655555795359e-19
2.643147855439626619e-19
2.731404924871737598e-19
2.783053823825607223e-19
3.088584098311549176e-19
3.418574362004625580e-19
3.267272688211019906e-19
3.116712892029297728e-19
3.309620458164613580e-19
2.913170368155964167e-19
3.069094172116151307e-19
2.761214704690558755e-19
2.706926324100820703e-19
2.743425151641840204e-19
2.703402793185286228e-19
2.595064621913743388e-19
2.552201932028835454e-19
2.409105889911755814e-19
2.484091363403336310e-19
2.503776969512391254e-19
2.538190009440070011e-19
2.577805239938883043e-19
2.512959191299612707e-19
2.438301746619697771e-19
2.509455822911509212e-19
2.529262145691208614e-19
2.696092843015790269e-19
2.601947023104126001e-19
2.508597623025985446e-19
2.500413187852656083e-19
2.439617480781539931e-19
2.475346513365002270e-19
2.444832337555803925e-19
2.446939321672341340e-19
2.469020908124444414e-19
2.511463545354540264e-19
2.555547619112671028e-19
3.267910134270568582e-19
3.291509855640647885e-19
3.117421682416679103e-19
2.481821786597643940e-19
2.403659681059918395e-19
2.283760109764298457e-19
2.363925026360168020e-19
2.418601147862040303e-19
2.509192417585199357e-19
2.513846859494458675e-19
2.486104514219137241e-19
2.485592437721178632e-19
2.555551755015733793e-19
2.460544891785190108e-19
2.541950579299889213e-19
2.422272020324185786e-19
2.399828283860149340e-19
2.351685855221680284e-19
2.377466231481602505e-19
2.385190288945257824e-19
2.459898398437691633e-19
2.440600274746829497e-19
2.502201448939419159e-19
2.538533289394279517e-19
2.516938188539934193e-19
2.438976415806811335e-19
2.420558205492552482e-19
2.503083688761495248e-19
2.518633391807785054e-19
2.507975945096863561e-19
2.444567122771904110e-19
2.490875536895978251e-19
2.518419358824286958e-19
2.551427484180332682e-19
2.612234306490930015e-19
2.681618216271877976e-19
2.674283192190064003e-19
2.738017199893333363e-19
2.757277324974806344e-19
3.097611223733916936e-19
3.190501797066031984e-19
2.761898162671680694e-19
2.286355647430125004e-19
2.486239706550501376e-19
2.502496907514465444e-19
2.376109655277015540e-19
2.559380567276088620e-19
2.588733588300415653e-19
2.515345348872886769e-19
2.388193988544591006e-19
2.418125519009822312e-19
2.222962076247709500e-19
2.292146687199820466e-19
2.439826860874092416e-19
2.344887464562260088e-19
2.387883278827000775e-19
2.400055241540718577e-19
2.452877444494706387e-19
2.377995627073636443e-19
2.274383759027068465e-19
2.268522150411364573e-19
2.269301509644754378e-19
2.477623069507113056e-19
2.354394871727791449e-19
2.571464125061839818e-19
2.440182807031431641e-19
2.476617269581036859e-19
2.580824190680760171e-19
3.037760570512642619e-19
3.213767027275910156e-19
3.067075334433639074e-19
2.540034880700004685e-19
2.458585766203146547e-19
2.574687544511382397e-19
2.502076079377829091e-19
2.421764596717172788e-19
2.421643104564704062e-19
2.573241529403063136e-19
2.746677005424939294e-19
2.597359272631753772e-19
2.619524094132994994e-19
2.501307318396037621e-19
2.463188767818062723e-19
2.540630967728925711e-19
2.523701682517262308e-19
2.347480417288672407e-19
2.647503478352601155e-19
2.598544467353177407e-19
2.593315651906076580e-19
2.494994896346492328e-19
2.475255265003680014e-19
2.549269318263393548e-19
2.373427263646870925e-19
2.458688388297891407e-19
2.615746980660924731e-19
2.600984908654150261e-19
2.673020190792272099e-19
2.556751683891818529e-19
2.614092360941877253e-19
2.623420373312061177e-19
2.603934841513667496e-19
2.455181659488549415e-19
2.639356007812895255e-19
2.560473221166482885e-19
2.501056837766798907e-19
2.564655653138704131e-19
2.668800277198544544e-19
2.544616168823841345e-19
2.542456193449312251e-19
2.577828762887552520e-19
2.628697268632266648e-19
2.425741009018080046e-19
2.497136260157238979e-19
2.554269883560218023e-19
2.521586943582482208e-19
2.519996171866966167e-19
2.690086994780772443e-19
2.842031543006696673e-19
2.883258224736339573e-19
2.729770467680121100e-19
2.492529639627142883e-19
2.698046798719005374e-19
2.591495596064518497e-19
2.603426642424830230e-19
2.392528156460427448e-19
2.452727259514739728e-19
2.428352056320391963e-19
2.524541529332945054e-19
2.558379161747016611e-19
2.587618445437117602e-19
2.550437710878624700e-19
2.446047517574432607e-19
2.493822626322139835e-19
2.679737414354085529e-19
2.630559975974159497e-19
2.577559670694531363e-19
2.634894919371820208e-19
2.645217874922540570e-19
2.731638344900842405e-19
2.829462533598953418e-19
2.746721466382864019e-19
2.621654601198201886e-19
2.890475375580864739e-19
3.109126353342479350e-19
3.317507625305306699e-19
3.128142460143249188e-19
2.972832062306058403e-19
3.022056288089381965e-19
2.770447591290299081e-19
2.911273281119862083e-19
2.884406196330198321e-19
3.178668719909519500e-19
3.094230639967989281e-19
2.808620167102031349e-19
2.798776200824767474e-19
2.933884780151881940e-19
2.885985852806233181e-19
2.484786195117880853e-19
2.900380087934362977e-19
2.915391348100669047e-19
2.953792432556619088e-19
2.863347211910363928e-19
2.684744441999445575e-19
2.595423928492321110e-19
2.627518794753320006e-19
2.876474826725521900e-19
2.885797927710818790e-19
2.831536171997047289e-19
2.797669588261536376e-19
2.618433766688073534e-19
2.811722611386988048e-19
2.762100304933873341e-19
2.740997893531879913e-19
2.594395381099399704e-19
2.639688948009447849e-19
2.744298085682025071e-19
2.712928294926717188e-19
2.693492135471135265e-19
2.683183914075076004e-19
2.600793106149614528e-19
2.591414170472970308e-19
2.592052650508284676e-19
2.641118677999457473e-19
2.752368266533245547e-19
2.738811293281384269e-19
2.592446595275013056e-19
2.628511928476266485e-19
2.715324533763706740e-19
2.622012356813131070e-19
2.557356301220806508e-19
2.561957751872074147e-19
2.556655782639550662e-19
2.665325601637938982e-19
2.643433491244898836e-19
2.697166368354519245e-19
2.356257062081801453e-19
2.527453205089131712e-19
2.547064364943056884e-19
2.537229445953742807e-19
2.500461009231819304e-19
2.580643761909647042e-19
2.670337540668186061e-19
2.793988634535675403e-19
2.827436199592139923e-19
2.852750769769618221e-19
2.741161520196800559e-19
2.595322598867283364e-19
2.632047608607047833e-19
2.461098844301659214e-19
2.538790749359936647e-19
2.503642035674968542e-19
2.451713704770420847e-19
2.535097129430945956e-19
2.383933491402060068e-19
2.416807716896448770e-19
2.476842934791898982e-19
2.766112906386579793e-19
2.715673759078568971e-19
2.417664365818323999e-19
2.630427885570092436e-19
2.390529481305346195e-19
2.391363382760376216e-19
2.510000211152145673e-19
2.648448790696384412e-19
2.762961606746694181e-19
2.954742139297406533e-19
2.979447439254951241e-19
2.893907141147194113e-19
2.846396730195503854e-19
2.693341691997227184e-19
2.457173355307212252e-19
2.571606813717505215e-19
2.619051825702015500e-19
2.632209167320437096e-19
2.613445867594378777e-19
2.569207989941101435e-19
2.509585069882220623e-19
2.571549169568567926e-19
2.522407661846499666e-19
2.582725413619925021e-19
2.694743504641563143e-19
2.673815059662147274e-19
2.526677723264863248e-19
2.588155854341335648e-19
2.702435508856482032e-19
2.584815595630269953e-19
2.645307055332331444e-19
2.605753863379459888e-19
2.710219019926664599e-19
2.670070516426696287e-19
2.663965923506054943e-19
2.640666830589850381e-19
2.648719950840936951e-19
2.764757881145641365e-19
2.756251879509182012e-19
2.629575114057338549e-19
2.648083797251095388e-19
2.656569377866182338e-19
2.612730873352403254e-19
2.557464610182262670e-19
2.502503369863001014e-19
2.759977811180850556e-19
2.708036814073173143e-19
2.503807471797479147e-19
2.442762059578948550e-19
2.661068464916646540e-19
2.663934904233084204e-19
2.864176460474448338e-19
2.975752785350194859e-19
3.017699372706700315e-19
2.792129804602903896e-19
2.825477849491920630e-19
2.529140653538739888e-19
2.685558956408868884e-19
2.552128778243412796e-19
2.517567879781240185e-19
2.724971269163665002e-19
2.631361307192570243e-19
2.660876920906052230e-19
2.789996195610399930e-19
2.817959294711696454e-19
2.591504126364585450e-19
2.657107303758283229e-19
2.605127791053333816e-19
2.526455676969181045e-19
2.569179814101486347e-19
2.573515532980971326e-19
2.734287390812543476e-19
2.610440617031397059e-19
2.718920701476781028e-19
2.605220848872246031e-19
2.661900815408028024e-19
2.886604428808057992e-19
2.856753548452550606e-19
2.928259951986521352e-19
2.918729538860203359e-19
2.897877091099565800e-19
2.624767643734756921e-19
2.508963391953098738e-19
2.654521330368289326e-19
2.613634826665558860e-19
2.600598201717781721e-19
2.818398475918173827e-19
2.578462331537979854e-19
2.490257736375977708e-19
2.444249175223954040e-19
2.505089601746936340e-19
2.552319546772182838e-19
2.817422919783244100e-19
2.630693875835816519e-19
2.738184445473433928e-19
2.655985181558566763e-19
2.646344650013202648e-19
2.664045281146071749e-19
2.670447917581173606e-19
2.586711648690606346e-19
2.694676296216793209e-19
2.626678947937637260e-19
2.462202354937593238e-19
2.471400344855241482e-19
2.477353718820150476e-19
2.570861317190441799e-19
2.676700369036308804e-19
2.814827640611358976e-19
2.780087347353838927e-19
2.695451261053178827e-19
2.754420449934201324e-19
2.707172410333055229e-19
2.847867043734316861e-19
2.709142651154579972e-19
2.625533819777134163e-19
2.476447180567580643e-19
2.690859116183802409e-19
2.730081435891652753e-19
2.819526543478543018e-19
2.671076574846713907e-19
2.613268023762679876e-19
2.423821174515132753e-19
2.535070504554979405e-19
2.797799869208013478e-19
2.753596888236828216e-19
2.866769413200860657e-19
2.840532795134327156e-19
2.712399416322566096e-19
2.895664899948869296e-19
2.725277067496368200e-19
2.753683225213263438e-19
2.759769982051946608e-19
2.836868902008600089e-19
2.574729937517775740e-19
2.725205981662476924e-19
2.821307308241004833e-19
2.895464825638208033e-19
2.991308692251078813e-19
2.643467870939108071e-19
2.833848400303074424e-19
2.823167689137424877e-19
2.741480501720516320e-19
2.872817654442271826e-19
2.625408450215544095e-19
2.600266553990936241e-19
2.661372453791759778e-19
2.783304821442728782e-19
2.780016520013889074e-19
2.698428852764428304e-19
2.541070924417227353e-19
2.674066832761093102e-19
2.680185125860629856e-19
2.620510248519523057e-19
2.687316456716602645e-19
2.740399221563544660e-19
2.714667183670668506e-19
2.670458774326713364e-19
2.856849449704818473e-19
2.871651588272513480e-19
2.765288569207382417e-19
2.581511784564944876e-19
2.546135596211524687e-19
2.714431178702149470e-19
2.983377064152460969e-19
2.997954829979000967e-19
2.923025708166650647e-19
2.845752304799536761e-19
2.729806139844037449e-19
2.888794906467674979e-19
2.763754924652920819e-19
2.818355565923897639e-19
2.865428605126700484e-19
2.880380153192537882e-19
3.080805240132312219e-19
3.237677716857521112e-19
2.987138667988045862e-19
2.857971830398476362e-19
2.816487947197117756e-19
2.745427962699984222e-19
2.639946149481163556e-19
2.670766123623065099e-19
2.789975774589027528e-19
2.593604131144704449e-19
2.557830896097258807e-19
2.772427913375539314e-19
2.988683686275930064e-19
2.758673192258489578e-19
2.682154332706388907e-19
2.759124005692330978e-19
2.880023690047315812e-19
2.905717470836861388e-19
2.842729476648538290e-19
2.739857418262322426e-19
2.772382676935790320e-19
2.670525465763600452e-19
2.523462834115387622e-19
2.703399432764047732e-19
2.760408720581202399e-19
2.948380603398990905e-19
2.975751234386546322e-19
3.016251031152908248e-19
2.923746389275337472e-19
2.696993177413765955e-19
2.780489563926692837e-19
2.807821420823034831e-19
2.773006681310385010e-19
2.752923253025480344e-19
2.818790352733370824e-19
2.741191763987947029e-19
2.796400899997033170e-19
2.723615209946960882e-19
2.859744581848754070e-19
2.839469351059313670e-19
2.824702884655535012e-19
2.748183249621610073e-19
2.847943040953095170e-19
2.764993110632336132e-19
2.836122371505770982e-19
2.856566140345019061e-19
2.838977954076668887e-19
2.825613558811167611e-19
2.859075082540468963e-19
2.829358102046618598e-19
2.873625189515276720e-19
2.821968535743164410e-19
2.782814716929791113e-19
2.843758282535401119e-19
2.787866464027017307e-19
2.705299880221388313e-19
2.501425967115150696e-19
2.678450631513682726e-19
2.740444199509352230e-19
2.898503938907516141e-19
2.805096894680438296e-19
2.987333572419878669e-19
2.912960212581587414e-19
2.901253021974547844e-19
2.702882703375143512e-19
2.553898686260334852e-19
2.767512392585442947e-19
2.670185029242746597e-19
2.645561154876750077e-19
2.791884235358552216e-19
2.818381932305922766e-19
2.794029993566303054e-19
2.774868613170453591e-19
2.727350964388403494e-19
2.638514351539622550e-19
2.760111969536449000e-19
2.636708512864842721e-19
2.705176578611329627e-19
2.707036959507749671e-19
2.732476382258935191e-19
2.735190051655991968e-19
2.672877502136606702e-19
2.820760076567012721e-19
2.789498853267102423e-19
2.703947439919864112e-19
2.778019137328514935e-19
2.620873691001163543e-19
2.692644792331151258e-19
2.612126256023415275e-19
2.793324305106218753e-19
2.849304528542569169e-19
2.553957622878979255e-19
2.793052886467724791e-19
2.830887869191958854e-19
2.781501050719480336e-19
2.760888485336483155e-19
2.848515088045463873e-19
3.023533063976730543e-19
3.176334778112412848e-19
3.487804467890426963e-19
3.620603920838811368e-19
3.483219560851410384e-19
3.286282074169312750e-19
3.092500281524104916e-19
3.272261362786538931e-19
2.928014641236111095e-19
3.036314813898264780e-19
3.102040517420196976e-19
2.977170624618899033e-19
2.883066422231803839e-19
2.992806147653741216e-19
2.997515131784640748e-19
2.847338940611990037e-19
2.726990365340118658e-19
2.845085648924607305e-19
2.974305219278227060e-19
2.652732293799701981e-19
2.726221345864385765e-19
2.927418295713248646e-19
2.846726309970817951e-19
2.657810407278953303e-19
2.880408329032152969e-19
2.998698258554533001e-19
2.843850823366430489e-19
2.756032676646855460e-19
2.858178108563731773e-19
2.774513959482821481e-19
2.939305915091401345e-19
2.816868967266774994e-19
2.824431207523099627e-19
2.843604478640254540e-19
2.733374131717496649e-19
2.821458268702795761e-19
2.854193941444581831e-19
2.797727749398356511e-19
2.654061728140439550e-19
2.747553041392421235e-19
2.906253070283489473e-19
3.035191657722782622e-19
2.881982040147535105e-19
2.782293334649941283e-19
2.878670732757908766e-19
2.869737957624160335e-19
2.792646275497866693e-19
2.841027811032151859e-19
2.752349913463404527e-19
2.983421525110385694e-19
3.106274131192819941e-19
2.846055259698884307e-19
2.988090442680364689e-19
2.784240311016737972e-19
2.771563251141479977e-19
2.718869261182437886e-19
2.893793145319026649e-19
3.009468925611797690e-19
2.978892194268775022e-19
3.106043554597070785e-19
2.885745711934651381e-19
2.914633443864417335e-19
2.998382895945997159e-19
2.994385545635834653e-19
2.912087795529285392e-19
2.927116374789666791e-19
2.861568773593374918e-19
2.724980833439497647e-19
2.800971331375330071e-19
2.867407376248292180e-19
2.846357180622466162e-19
2.840949745861842167e-19
2.839951959247950077e-19
2.834816460113702889e-19
2.839738184758393404e-19
2.985348080455809980e-19
3.014202725161073813e-19
2.901338583469158798e-19
3.130462701761460430e-19
3.079361809963407186e-19
2.964064723294820578e-19
2.873802516359092775e-19
2.721402243314440111e-19
2.851333447488796892e-19
2.970472271114809468e-19
2.681060386346287528e-19
3.114098484305747315e-19
3.196512039698053999e-19
3.094959075894918791e-19
3.121179150349201231e-19
3.245667247599017668e-19
3.155264161465214428e-19
3.105382327094911208e-19
3.036096903505645342e-19
3.186877453513342609e-19
3.333751384584316780e-19
3.303345776230516020e-19
3.171887648344174633e-19
3.138800423842053526e-19
3.138867373772882037e-19
3.084214258231796384e-19
3.003684606684579221e-19
3.001258382550384621e-19
3.003198379580762894e-19
2.901813436839552520e-19
3.080943275897032006e-19
2.912643040515461612e-19
3.103624568293236024e-19
2.980630824518784917e-19
3.180720644816533855e-19
3.076539314617011402e-19
3.153173462466986651e-19
3.076470555228592931e-19
3.052463964394714108e-19
3.199096979112282210e-19
3.216359463014439629e-19
3.098017834703775034e-19
3.008088050976716979e-19
3.070017770968855047e-19
3.046930643084617199e-19
3.029056304023111962e-19
3.171060467731621606e-19
3.123992856901588640e-19
3.093386140261360924e-19
3.212319719697883780e-19
3.042256555635809747e-19
3.075503787887671580e-19
3.553991841591740318e-19
3.241689025840520451e-19
3.204165011327818042e-19
3.148125334284940376e-19
3.074176938486348239e-19
2.949917091386808153e-19
3.097354797744025497e-19
2.952748634021153736e-19
3.133459680518316619e-19
3.168686200879652993e-19
3.409191290424918595e-19
3.425654252566255229e-19
3.315439673773924130e-19
3.165776334581056296e-19
2.988938561302172966e-19
3.141398546447294302e-19
3.180934419306090528e-19
3.375207091946060299e-19
3.313129771913369800e-19
3.156461246907943513e-19
3.067231464774258458e-19
3.228177547522349589e-19
3.411966481380034003e-19
3.066298818633604919e-19
3.027903938032249025e-19
2.972423383384668922e-19
3.107315344788871065e-19
3.152004035875989808e-19
3.038718807553497017e-19
3.129866356238597982e-19
3.180851701244835225e-19
3.524067807450810273e-19
3.465469557375729524e-19
3.287619004834351581e-19
3.071439746140621986e-19
3.104818034820785190e-19
3.204261688061910177e-19
3.082041875148078995e-19
3.218760096248433369e-19
3.136983986915675362e-19
3.339356567210129234e-19
3.437039359722281963e-19
3.513850834416073267e-19
3.676758886179563612e-19
3.422334931864444782e-19
3.124204563439613930e-19
3.176083522001349866e-19
3.071241998275433528e-19
3.138845660281802520e-19
3.031750327880620604e-19
2.934183857642108144e-19
2.960728600486817648e-19
2.953653104322192187e-19
2.925010166154953644e-19
3.502771008604866885e-19
3.389298630668783971e-19
3.161629316278809976e-19
3.152371872754634482e-19
3.151787676447018906e-19
3.043104932751559446e-19
3.086196131280685154e-19
3.144244564742359563e-19
3.118862269152228485e-19
3.069012746524603118e-19
3.175846483057065139e-19
3.119723829458990748e-19
3.292706941083376970e-19
3.071743993509676647e-19
3.160894934991227741e-19
2.987555360221619450e-19
2.932615316405554465e-19
2.767033920299869305e-19
3.026486098763544851e-19
3.012827537392704405e-19
2.841897384651098229e-19
2.949038987467794830e-19
2.994713057459617367e-19
3.214704067813567883e-19
3.260049592005842014e-19
3.068559865139230336e-19
2.981689615702852792e-19
2.940219432680389595e-19
3.142798808127981724e-19
3.166416107086077778e-19
3.314197351891446051e-19
3.098053506867691383e-19
2.958388196341175425e-19
3.067839442524484933e-19
3.949455518719920245e-19
4.092283244125802997e-19
4.361797299259361856e-19
4.628292145157102165e-19
4.153921641445957545e-19
4.116310514474995645e-19
3.962781398388149521e-19
3.750867806715779321e-19
3.694312175765821704e-19
3.711711402962991796e-19
3.705558730169245807e-19
3.664090356604372570e-19
3.244822489398447889e-19
3.128652985677559259e-19
3.335044888267196577e-19
3.122617669133219231e-19
3.220051531979781784e-19
3.261189033299633810e-19
3.490176149802981347e-19
3.279273010947632955e-19
3.217044213465268683e-19
3.409373787147563107e-19
3.407351847537753800e-19
3.558394510402053808e-19
3.499484775127558559e-19
3.447949096520032130e-19
3.784324160566252216e-19
3.826775328096415019e-19
3.524883097342057851e-19
3.462143515831442085e-19
3.387294527140932839e-19
3.598142089798875324e-19
3.809734890489939804e-19
3.820395697622099793e-19
3.821151792400761545e-19
3.658054006084266850e-19
3.531772219374917458e-19
3.520941323229301252e-19
3.632883417032161064e-19
3.677523769752233739e-19
3.674540491174272960e-19
3.785707620140747155e-19
