4749.5952    2.1512
4750.8452    2.1510
4752.0952    2.1509
4753.3452    2.1507
4754.5952    2.1505
4755.8452    2.1504
4757.0952    2.1502
4758.3452    2.1501
4759.5952    2.1499
4760.8452    2.1498
4762.0952    2.1496
4763.3452    2.1494
4764.5952    2.1493
4765.8452    2.1491
4767.0952    2.1490
4768.3452    2.1488
4769.5952    2.1487
4770.8452    2.1485
4772.0952    2.1484
4773.3452    2.1482
4774.5952    2.1481
4775.8452    2.1479
4777.0952    2.1477
4778.3452    2.1476
4779.5952    2.1474
4780.8452    2.1473
4782.0952    2.1471
4783.3452    2.1470
4784.5952    2.1468
4785.8452    2.1467
4787.0952    2.1465
4788.3452    2.1464
4789.5952    2.1462
4790.8452    2.1461
4792.0952    2.1459
4793.3452    2.1458
4794.5952    2.1456
4795.8452    2.1455
4797.0952    2.1453
4798.3452    2.1452
4799.5952    2.1450
4800.8452    2.1449
4802.0952    2.1447
4803.3452    2.1446
4804.5952    2.1444
4805.8452    2.1443
4807.0952    2.1441
4808.3452    2.1440
4809.5952    2.1438
4810.8452    2.1437
4812.0952    2.1435
4813.3452    2.1434
4814.5952    2.1432
4815.8452    2.1431
4817.0952    2.1429
4818.3452    2.1428
4819.5952    2.1426
4820.8452    2.1425
4822.0952    2.1423
4823.3452    2.1422
4824.5952    2.1420
4825.8452    2.1419
4827.0952    2.1417
4828.3452    2.1416
4829.5952    2.1414
4830.8452    2.1413
4832.0952    2.1411
4833.3452    2.1410
4834.5952    2.1409
4835.8452    2.1407
4837.0952    2.1406
4838.3452    2.1404
4839.5952    2.1403
4840.8452    2.1401
4842.0952    2.1400
4843.3452    2.1398
4844.5952    2.1397
4845.8452    2.1395
4847.0952    2.1394
4848.3452    2.1393
4849.5952    2.1391
4850.8452    2.1390
4852.0952    2.1388
4853.3452    2.1387
4854.5952    2.1385
4855.8452    2.1384
4857.0952    2.1383
4858.3452    2.1381
4859.5952    2.1380
4860.8452    2.1378
4862.0952    2.1377
4863.3452    2.1375
4864.5952    2.1374
4865.8452    2.1373
4867.0952    2.1371
4868.3452    2.1370
4869.5952    2.1368
4870.8452    2.1367
4872.0952    2.1366
4873.3452    2.1364
4874.5952    2.1363
4875.8452    2.1361
4877.0952    2.1360
4878.3452    2.1358
4879.5952    2.1357
4880.8452    2.1356
4882.0952    2.1354
4883.3452    2.1353
4884.5952    2.1351
4885.8452    2.1350
4887.0952    2.1349
4888.3452    2.1347
4889.5952    2.1346
4890.8452    2.1345
4892.0952    2.1343
4893.3452    2.1342
4894.5952    2.1340
4895.8452    2.1339
4897.0952    2.1338
4898.3452    2.1336
4899.5952    2.1335
4900.8452    2.1334
4902.0952    2.1332
4903.3452    2.1331
4904.5952    2.1329
4905.8452    2.1328
4907.0952    2.1327
4908.3452    2.1325
4909.5952    2.1324
4910.8452    2.1323
4912.0952    2.1321
4913.3452    2.1320
4914.5952    2.1319
4915.8452    2.1317
4917.0952    2.1316
4918.3452    2.1314
4919.5952    2.1313
4920.8452    2.1312
4922.0952    2.1310
4923.3452    2.1309
4924.5952    2.1308
4925.8452    2.1306
4927.0952    2.1305
4928.3452    2.1304
4929.5952    2.1302
4930.8452    2.1301
4932.0952    2.1300
4933.3452    2.1298
4934.5952    2.1297
4935.8452    2.1296
4937.0952    2.1294
4938.3452    2.1293
4939.5952    2.1292
4940.8452    2.1290
4942.0952    2.1289
4943.3452    2.1288
4944.5952    2.1286
4945.8452    2.1285
4947.0952    2.1284
4948.3452    2.1283
4949.5952    2.1281
4950.8452    2.1280
4952.0952    2.1279
4953.3452    2.1277
4954.5952    2.1276
4955.8452    2.1275
4957.0952    2.1273
4958.3452    2.1272
4959.5952    2.1271
4960.8452    2.1269
4962.0952    2.1268
4963.3452    2.1267
4964.5952    2.1266
4965.8452    2.1264
4967.0952    2.1263
4968.3452    2.1262
4969.5952    2.1260
4970.8452    2.1259
4972.0952    2.1258
4973.3452    2.1257
4974.5952    2.1255
4975.8452    2.1254
4977.0952    2.1253
4978.3452    2.1251
4979.5952    2.1250
4980.8452    2.1249
4982.0952    2.1248
4983.3452    2.1246
4984.5952    2.1245
4985.8452    2.1244
4987.0952    2.1243
4988.3452    2.1241
4989.5952    2.1240
4990.8452    2.1239
4992.0952    2.1238
4993.3452    2.1236
4994.5952    2.1235
4995.8452    2.1234
4997.0952    2.1233
4998.3452    2.1231
4999.5952    2.1230
5000.8452    2.1229
5002.0952    2.1228
5003.3452    2.1226
5004.5952    2.1225
5005.8452    2.1224
5007.0952    2.1223
5008.3452    2.1221
5009.5952    2.1220
5010.8452    2.1219
5012.0952    2.1218
5013.3452    2.1216
5014.5952    2.1215
5015.8452    2.1214
5017.0952    2.1213
5018.3452    2.1211
5019.5952    2.1210
5020.8452    2.1209
5022.0952    2.1208
5023.3452    2.1207
5024.5952    2.1205
5025.8452    2.1204
5027.0952    2.1203
5028.3452    2.1202
5029.5952    2.1200
5030.8452    2.1199
5032.0952    2.1198
5033.3452    2.1197
5034.5952    2.1196
5035.8452    2.1194
5037.0952    2.1193
5038.3452    2.1192
5039.5952    2.1191
5040.8452    2.1190
5042.0952    2.1188
5043.3452    2.1187
5044.5952    2.1186
5045.8452    2.1185
5047.0952    2.1184
5048.3452    2.1182
5049.5952    2.1181
5050.8452    2.1180
5052.0952    2.1179
5053.3452    2.1178
5054.5952    2.1177
5055.8452    2.1175
5057.0952    2.1174
5058.3452    2.1173
5059.5952    2.1172
5060.8452    2.1171
5062.0952    2.1169
5063.3452    2.1168
5064.5952    2.1167
5065.8452    2.1166
5067.0952    2.1165
5068.3452    2.1164
5069.5952    2.1162
5070.8452    2.1161
5072.0952    2.1160
5073.3452    2.1159
5074.5952    2.1158
5075.8452    2.1157
5077.0952    2.1155
5078.3452    2.1154
5079.5952    2.1153
5080.8452    2.1152
5082.0952    2.1151
5083.3452    2.1150
5084.5952    2.1148
5085.8452    2.1147
5087.0952    2.1146
5088.3452    2.1145
5089.5952    2.1144
5090.8452    2.1143
5092.0952    2.1142
5093.3452    2.1140
5094.5952    2.1139
5095.8452    2.1138
5097.0952    2.1137
5098.3452    2.1136
5099.5952    2.1135
5100.8452    2.1134
5102.0952    2.1133
5103.3452    2.1131
5104.5952    2.1130
5105.8452    2.1129
5107.0952    2.1128
5108.3452    2.1127
5109.5952    2.1126
5110.8452    2.1125
5112.0952    2.1124
5113.3452    2.1122
5114.5952    2.1121
5115.8452    2.1120
5117.0952    2.1119
5118.3452    2.1118
5119.5952    2.1117
5120.8452    2.1116
5122.0952    2.1115
5123.3452    2.1114
5124.5952    2.1112
5125.8452    2.1111
5127.0952    2.1110
5128.3452    2.1109
5129.5952    2.1108
5130.8452    2.1107
5132.0952    2.1106
5133.3452    2.1105
5134.5952    2.1104
5135.8452    2.1103
5137.0952    2.1101
5138.3452    2.1100
5139.5952    2.1099
5140.8452    2.1098
5142.0952    2.1097
5143.3452    2.1096
5144.5952    2.1095
5145.8452    2.1094
5147.0952    2.1093
5148.3452    2.1092
5149.5952    2.1091
5150.8452    2.1090
5152.0952    2.1088
5153.3452    2.1087
5154.5952    2.1086
5155.8452    2.1085
5157.0952    2.1084
5158.3452    2.1083
5159.5952    2.1082
5160.8452    2.1081
5162.0952    2.1080
5163.3452    2.1079
5164.5952    2.1078
5165.8452    2.1077
5167.0952    2.1076
5168.3452    2.1075
5169.5952    2.1074
5170.8452    2.1072
5172.0952    2.1071
5173.3452    2.1070
5174.5952    2.1069
5175.8452    2.1068
5177.0952    2.1067
5178.3452    2.1066
5179.5952    2.1065
5180.8452    2.1064
5182.0952    2.1063
5183.3452    2.1062
5184.5952    2.1061
5185.8452    2.1060
5187.0952    2.1059
5188.3452    2.1058
5189.5952    2.1057
5190.8452    2.1056
5192.0952    2.1055
5193.3452    2.1054
5194.5952    2.1053
5195.8452    2.1052
5197.0952    2.1051
5198.3452    2.1050
5199.5952    2.1049
5200.8452    2.1048
5202.0952    2.1046
5203.3452    2.1045
5204.5952    2.1044
5205.8452    2.1043
5207.0952    2.1042
5208.3452    2.1041
5209.5952    2.1040
5210.8452    2.1039
5212.0952    2.1038
5213.3452    2.1037
5214.5952    2.1036
5215.8452    2.1035
5217.0952    2.1034
5218.3452    2.1033
5219.5952    2.1032
5220.8452    2.1031
5222.0952    2.1030
5223.3452    2.1029
5224.5952    2.1028
5225.8452    2.1027
5227.0952    2.1026
5228.3452    2.1025
5229.5952    2.1024
5230.8452    2.1023
5232.0952    2.1022
5233.3452    2.1021
5234.5952    2.1020
5235.8452    2.1019
5237.0952    2.1018
5238.3452    2.1017
5239.5952    2.1016
5240.8452    2.1015
5242.0952    2.1014
5243.3452    2.1013
5244.5952    2.1012
5245.8452    2.1011
5247.0952    2.1011
5248.3452    2.1010
5249.5952    2.1009
5250.8452    2.1008
5252.0952    2.1007
5253.3452    2.1006
5254.5952    2.1005
5255.8452    2.1004
5257.0952    2.1003
5258.3452    2.1002
5259.5952    2.1001
5260.8452    2.1000
5262.0952    2.0999
5263.3452    2.0998
5264.5952    2.0997
5265.8452    2.0996
5267.0952    2.0995
5268.3452    2.0994
5269.5952    2.0993
5270.8452    2.0992
5272.0952    2.0991
5273.3452    2.0990
5274.5952    2.0989
5275.8452    2.0988
5277.0952    2.0987
5278.3452    2.0987
5279.5952    2.0986
5280.8452    2.0985
5282.0952    2.0984
5283.3452    2.0983
5284.5952    2.0982
5285.8452    2.0981
5287.0952    2.0980
5288.3452    2.0979
5289.5952    2.0978
5290.8452    2.0977
5292.0952    2.0976
5293.3452    2.0975
5294.5952    2.0974
5295.8452    2.0973
5297.0952    2.0972
5298.3452    2.0972
5299.5952    2.0971
5300.8452    2.0970
5302.0952    2.0969
5303.3452    2.0968
5304.5952    2.0967
5305.8452    2.0966
5307.0952    2.0965
5308.3452    2.0964
5309.5952    2.0963
5310.8452    2.0962
5312.0952    2.0961
5313.3452    2.0961
5314.5952    2.0960
5315.8452    2.0959
5317.0952    2.0958
5318.3452    2.0957
5319.5952    2.0956
5320.8452    2.0955
5322.0952    2.0954
5323.3452    2.0953
5324.5952    2.0952
5325.8452    2.0951
5327.0952    2.0951
5328.3452    2.0950
5329.5952    2.0949
5330.8452    2.0948
5332.0952    2.0947
5333.3452    2.0946
5334.5952    2.0945
5335.8452    2.0944
5337.0952    2.0943
5338.3452    2.0943
5339.5952    2.0942
5340.8452    2.0941
5342.0952    2.0940
5343.3452    2.0939
5344.5952    2.0938
5345.8452    2.0937
5347.0952    2.0936
5348.3452    2.0935
5349.5952    2.0935
5350.8452    2.0934
5352.0952    2.0933
5353.3452    2.0932
5354.5952    2.0931
5355.8452    2.0930
5357.0952    2.0929
5358.3452    2.0928
5359.5952    2.0928
5360.8452    2.0927
5362.0952    2.0926
5363.3452    2.0925
5364.5952    2.0924
5365.8452    2.0923
5367.0952    2.0922
5368.3452    2.0922
5369.5952    2.0921
5370.8452    2.0920
5372.0952    2.0919
5373.3452    2.0918
5374.5952    2.0917
5375.8452    2.0916
5377.0952    2.0916
5378.3452    2.0915
5379.5952    2.0914
5380.8452    2.0913
5382.0952    2.0912
5383.3452    2.0911
5384.5952    2.0910
5385.8452    2.0910
5387.0952    2.0909
5388.3452    2.0908
5389.5952    2.0907
5390.8452    2.0906
5392.0952    2.0905
5393.3452    2.0905
5394.5952    2.0904
5395.8452    2.0903
5397.0952    2.0902
5398.3452    2.0901
5399.5952    2.0900
5400.8452    2.0900
5402.0952    2.0899
5403.3452    2.0898
5404.5952    2.0897
5405.8452    2.0896
5407.0952    2.0895
5408.3452    2.0895
5409.5952    2.0894
5410.8452    2.0893
5412.0952    2.0892
5413.3452    2.0891
5414.5952    2.0891
5415.8452    2.0890
5417.0952    2.0889
5418.3452    2.0888
5419.5952    2.0887
5420.8452    2.0886
5422.0952    2.0886
5423.3452    2.0885
5424.5952    2.0884
5425.8452    2.0883
5427.0952    2.0882
5428.3452    2.0882
5429.5952    2.0881
5430.8452    2.0880
5432.0952    2.0879
5433.3452    2.0878
5434.5952    2.0878
5435.8452    2.0877
5437.0952    2.0876
5438.3452    2.0875
5439.5952    2.0874
5440.8452    2.0874
5442.0952    2.0873
5443.3452    2.0872
5444.5952    2.0871
5445.8452    2.0870
5447.0952    2.0870
5448.3452    2.0869
5449.5952    2.0868
5450.8452    2.0867
5452.0952    2.0866
5453.3452    2.0866
5454.5952    2.0865
5455.8452    2.0864
5457.0952    2.0863
5458.3452    2.0863
5459.5952    2.0862
5460.8452    2.0861
5462.0952    2.0860
5463.3452    2.0859
5464.5952    2.0859
5465.8452    2.0858
5467.0952    2.0857
5468.3452    2.0856
5469.5952    2.0856
5470.8452    2.0855
5472.0952    2.0854
5473.3452    2.0853
5474.5952    2.0853
5475.8452    2.0852
5477.0952    2.0851
5478.3452    2.0850
5479.5952    2.0849
5480.8452    2.0849
5482.0952    2.0848
5483.3452    2.0847
5484.5952    2.0846
5485.8452    2.0846
5487.0952    2.0845
5488.3452    2.0844
5489.5952    2.0843
5490.8452    2.0843
5492.0952    2.0842
5493.3452    2.0841
5494.5952    2.0840
5495.8452    2.0840
5497.0952    2.0839
5498.3452    2.0838
5499.5952    2.0837
5500.8452    2.0837
5502.0952    2.0836
5503.3452    2.0835
5504.5952    2.0834
5505.8452    2.0834
5507.0952    2.0833
5508.3452    2.0832
5509.5952    2.0831
5510.8452    2.0831
5512.0952    2.0830
5513.3452    2.0829
5514.5952    2.0829
5515.8452    2.0828
5517.0952    2.0827
5518.3452    2.0826
5519.5952    2.0826
5520.8452    2.0825
5522.0952    2.0824
5523.3452    2.0823
5524.5952    2.0823
5525.8452    2.0822
5527.0952    2.0821
5528.3452    2.0821
5529.5952    2.0820
5530.8452    2.0819
5532.0952    2.0818
5533.3452    2.0818
5534.5952    2.0817
5535.8452    2.0816
5537.0952    2.0815
5538.3452    2.0815
5539.5952    2.0814
5540.8452    2.0813
5542.0952    2.0813
5543.3452    2.0812
5544.5952    2.0811
5545.8452    2.0810
5547.0952    2.0810
5548.3452    2.0809
5549.5952    2.0808
5550.8452    2.0808
5552.0952    2.0807
5553.3452    2.0806
5554.5952    2.0806
5555.8452    2.0805
5557.0952    2.0804
5558.3452    2.0803
5559.5952    2.0803
5560.8452    2.0802
5562.0952    2.0801
5563.3452    2.0801
5564.5952    2.0800
5565.8452    2.0799
5567.0952    2.0799
5568.3452    2.0798
5569.5952    2.0797
5570.8452    2.0797
5572.0952    2.0796
5573.3452    2.0795
5574.5952    2.0794
5575.8452    2.0794
5577.0952    2.0793
5578.3452    2.0792
5579.5952    2.0792
5580.8452    2.0791
5582.0952    2.0790
5583.3452    2.0790
5584.5952    2.0789
5585.8452    2.0788
5587.0952    2.0788
5588.3452    2.0787
5589.5952    2.0786
5590.8452    2.0786
5592.0952    2.0785
5593.3452    2.0784
5594.5952    2.0784
5595.8452    2.0783
5597.0952    2.0782
5598.3452    2.0782
5599.5952    2.0781
5600.8452    2.0780
5602.0952    2.0780
5603.3452    2.0779
5604.5952    2.0778
5605.8452    2.0778
5607.0952    2.0777
5608.3452    2.0776
5609.5952    2.0776
5610.8452    2.0775
5612.0952    2.0774
5613.3452    2.0774
5614.5952    2.0773
5615.8452    2.0772
5617.0952    2.0772
5618.3452    2.0771
5619.5952    2.0770
5620.8452    2.0770
5622.0952    2.0769
5623.3452    2.0768
5624.5952    2.0768
5625.8452    2.0767
5627.0952    2.0767
5628.3452    2.0766
5629.5952    2.0765
5630.8452    2.0765
5632.0952    2.0764
5633.3452    2.0763
5634.5952    2.0763
5635.8452    2.0762
5637.0952    2.0761
5638.3452    2.0761
5639.5952    2.0760
5640.8452    2.0759
5642.0952    2.0759
5643.3452    2.0758
5644.5952    2.0758
5645.8452    2.0757
5647.0952    2.0756
5648.3452    2.0756
5649.5952    2.0755
5650.8452    2.0754
5652.0952    2.0754
5653.3452    2.0753
5654.5952    2.0753
5655.8452    2.0752
5657.0952    2.0751
5658.3452    2.0751
5659.5952    2.0750
5660.8452    2.0749
5662.0952    2.0749
5663.3452    2.0748
5664.5952    2.0748
5665.8452    2.0747
5667.0952    2.0746
5668.3452    2.0746
5669.5952    2.0745
5670.8452    2.0744
5672.0952    2.0744
5673.3452    2.0743
5674.5952    2.0743
5675.8452    2.0742
5677.0952    2.0741
5678.3452    2.0741
5679.5952    2.0740
5680.8452    2.0740
5682.0952    2.0739
5683.3452    2.0738
5684.5952    2.0738
5685.8452    2.0737
5687.0952    2.0737
5688.3452    2.0736
5689.5952    2.0735
5690.8452    2.0735
5692.0952    2.0734
5693.3452    2.0734
5694.5952    2.0733
5695.8452    2.0732
5697.0952    2.0732
5698.3452    2.0731
5699.5952    2.0731
5700.8452    2.0730
5702.0952    2.0729
5703.3452    2.0729
5704.5952    2.0728
5705.8452    2.0728
5707.0952    2.0727
5708.3452    2.0726
5709.5952    2.0726
5710.8452    2.0725
5712.0952    2.0725
5713.3452    2.0724
5714.5952    2.0724
5715.8452    2.0723
5717.0952    2.0722
5718.3452    2.0722
5719.5952    2.0721
5720.8452    2.0721
5722.0952    2.0720
5723.3452    2.0719
5724.5952    2.0719
5725.8452    2.0718
5727.0952    2.0718
5728.3452    2.0717
5729.5952    2.0717
5730.8452    2.0716
5732.0952    2.0715
5733.3452    2.0715
5734.5952    2.0714
5735.8452    2.0714
5737.0952    2.0713
5738.3452    2.0713
5739.5952    2.0712
5740.8452    2.0711
5742.0952    2.0711
5743.3452    2.0710
5744.5952    2.0710
5745.8452    2.0709
5747.0952    2.0709
5748.3452    2.0708
5749.5952    2.0708
5750.8452    2.0707
5752.0952    2.0706
5753.3452    2.0706
5754.5952    2.0705
5755.8452    2.0705
5757.0952    2.0704
5758.3452    2.0704
5759.5952    2.0703
5760.8452    2.0703
5762.0952    2.0702
5763.3452    2.0701
5764.5952    2.0701
5765.8452    2.0700
5767.0952    2.0700
5768.3452    2.0699
5769.5952    2.0699
5770.8452    2.0698
5772.0952    2.0698
5773.3452    2.0697
5774.5952    2.0696
5775.8452    2.0696
5777.0952    2.0695
5778.3452    2.0695
5779.5952    2.0694
5780.8452    2.0694
5782.0952    2.0693
5783.3452    2.0693
5784.5952    2.0692
5785.8452    2.0692
5787.0952    2.0691
5788.3452    2.0691
5789.5952    2.0690
5790.8452    2.0689
5792.0952    2.0689
5793.3452    2.0688
5794.5952    2.0688
5795.8452    2.0687
5797.0952    2.0687
5798.3452    2.0686
5799.5952    2.0686
5800.8452    2.0685
5802.0952    2.0685
5803.3452    2.0684
5804.5952    2.0684
5805.8452    2.0683
5807.0952    2.0683
5808.3452    2.0682
5809.5952    2.0682
5810.8452    2.0681
5812.0952    2.0681
5813.3452    2.0680
5814.5952    2.0680
5815.8452    2.0679
5817.0952    2.0678
5818.3452    2.0678
5819.5952    2.0677
5820.8452    2.0677
5822.0952    2.0676
5823.3452    2.0676
5824.5952    2.0675
5825.8452    2.0675
5827.0952    2.0674
5828.3452    2.0674
5829.5952    2.0673
5830.8452    2.0673
5832.0952    2.0672
5833.3452    2.0672
5834.5952    2.0671
5835.8452    2.0671
5837.0952    2.0670
5838.3452    2.0670
5839.5952    2.0669
5840.8452    2.0669
5842.0952    2.0668
5843.3452    2.0668
5844.5952    2.0667
5845.8452    2.0667
5847.0952    2.0666
5848.3452    2.0666
5849.5952    2.0665
5850.8452    2.0665
5852.0952    2.0664
5853.3452    2.0664
5854.5952    2.0663
5855.8452    2.0663
5857.0952    2.0662
5858.3452    2.0662
5859.5952    2.0661
5860.8452    2.0661
5862.0952    2.0660
5863.3452    2.0660
5864.5952    2.0659
5865.8452    2.0659
5867.0952    2.0659
5868.3452    2.0658
5869.5952    2.0658
5870.8452    2.0657
5872.0952    2.0657
5873.3452    2.0656
5874.5952    2.0656
5875.8452    2.0655
5877.0952    2.0655
5878.3452    2.0654
5879.5952    2.0654
5880.8452    2.0653
5882.0952    2.0653
5883.3452    2.0652
5884.5952    2.0652
5885.8452    2.0651
5887.0952    2.0651
5888.3452    2.0650
5889.5952    2.0650
5890.8452    2.0649
5892.0952    2.0649
5893.3452    2.0648
5894.5952    2.0648
5895.8452    2.0648
5897.0952    2.0647
5898.3452    2.0647
5899.5952    2.0646
5900.8452    2.0646
5902.0952    2.0645
5903.3452    2.0645
5904.5952    2.0644
5905.8452    2.0644
5907.0952    2.0643
5908.3452    2.0643
5909.5952    2.0642
5910.8452    2.0642
5912.0952    2.0642
5913.3452    2.0641
5914.5952    2.0641
5915.8452    2.0640
5917.0952    2.0640
5918.3452    2.0639
5919.5952    2.0639
5920.8452    2.0638
5922.0952    2.0638
5923.3452    2.0637
5924.5952    2.0637
5925.8452    2.0637
5927.0952    2.0636
5928.3452    2.0636
5929.5952    2.0635
5930.8452    2.0635
5932.0952    2.0634
5933.3452    2.0634
5934.5952    2.0633
5935.8452    2.0633
5937.0952    2.0633
5938.3452    2.0632
5939.5952    2.0632
5940.8452    2.0631
5942.0952    2.0631
5943.3452    2.0630
5944.5952    2.0630
5945.8452    2.0629
5947.0952    2.0629
5948.3452    2.0629
5949.5952    2.0628
5950.8452    2.0628
5952.0952    2.0627
5953.3452    2.0627
5954.5952    2.0626
5955.8452    2.0626
5957.0952    2.0625
5958.3452    2.0625
5959.5952    2.0625
5960.8452    2.0624
5962.0952    2.0624
5963.3452    2.0623
5964.5952    2.0623
5965.8452    2.0622
5967.0952    2.0622
5968.3452    2.0622
5969.5952    2.0621
5970.8452    2.0621
5972.0952    2.0620
5973.3452    2.0620
5974.5952    2.0619
5975.8452    2.0619
5977.0952    2.0619
5978.3452    2.0618
5979.5952    2.0618
5980.8452    2.0617
5982.0952    2.0617
5983.3452    2.0617
5984.5952    2.0616
5985.8452    2.0616
5987.0952    2.0615
5988.3452    2.0615
5989.5952    2.0614
5990.8452    2.0614
5992.0952    2.0614
5993.3452    2.0613
5994.5952    2.0613
5995.8452    2.0612
5997.0952    2.0612
5998.3452    2.0612
5999.5952    2.0611
6000.8452    2.0611
6002.0952    2.0610
6003.3452    2.0610
6004.5952    2.0610
6005.8452    2.0609
6007.0952    2.0609
6008.3452    2.0608
6009.5952    2.0608
6010.8452    2.0608
6012.0952    2.0607
6013.3452    2.0607
6014.5952    2.0606
6015.8452    2.0606
6017.0952    2.0606
6018.3452    2.0605
6019.5952    2.0605
6020.8452    2.0604
6022.0952    2.0604
6023.3452    2.0604
6024.5952    2.0603
6025.8452    2.0603
6027.0952    2.0602
6028.3452    2.0602
6029.5952    2.0602
6030.8452    2.0601
6032.0952    2.0601
6033.3452    2.0600
6034.5952    2.0600
6035.8452    2.0600
6037.0952    2.0599
6038.3452    2.0599
6039.5952    2.0598
6040.8452    2.0598
6042.0952    2.0598
6043.3452    2.0597
6044.5952    2.0597
6045.8452    2.0596
6047.0952    2.0596
6048.3452    2.0596
6049.5952    2.0595
6050.8452    2.0595
6052.0952    2.0595
6053.3452    2.0594
6054.5952    2.0594
6055.8452    2.0593
6057.0952    2.0593
6058.3452    2.0593
6059.5952    2.0592
6060.8452    2.0592
6062.0952    2.0592
6063.3452    2.0591
6064.5952    2.0591
6065.8452    2.0590
6067.0952    2.0590
6068.3452    2.0590
6069.5952    2.0589
6070.8452    2.0589
6072.0952    2.0589
6073.3452    2.0588
6074.5952    2.0588
6075.8452    2.0587
6077.0952    2.0587
6078.3452    2.0587
6079.5952    2.0586
6080.8452    2.0586
6082.0952    2.0586
6083.3452    2.0585
6084.5952    2.0585
6085.8452    2.0584
6087.0952    2.0584
6088.3452    2.0584
6089.5952    2.0583
6090.8452    2.0583
6092.0952    2.0583
6093.3452    2.0582
6094.5952    2.0582
6095.8452    2.0582
6097.0952    2.0581
6098.3452    2.0581
6099.5952    2.0581
6100.8452    2.0580
6102.0952    2.0580
6103.3452    2.0579
6104.5952    2.0579
6105.8452    2.0579
6107.0952    2.0578
6108.3452    2.0578
6109.5952    2.0578
6110.8452    2.0577
6112.0952    2.0577
6113.3452    2.0577
6114.5952    2.0576
6115.8452    2.0576
6117.0952    2.0576
6118.3452    2.0575
6119.5952    2.0575
6120.8452    2.0575
6122.0952    2.0574
6123.3452    2.0574
6124.5952    2.0573
6125.8452    2.0573
6127.0952    2.0573
6128.3452    2.0572
6129.5952    2.0572
6130.8452    2.0572
6132.0952    2.0571
6133.3452    2.0571
6134.5952    2.0571
6135.8452    2.0570
6137.0952    2.0570
6138.3452    2.0570
6139.5952    2.0569
6140.8452    2.0569
6142.0952    2.0569
6143.3452    2.0568
6144.5952    2.0568
6145.8452    2.0568
6147.0952    2.0567
6148.3452    2.0567
6149.5952    2.0567
6150.8452    2.0566
6152.0952    2.0566
6153.3452    2.0566
6154.5952    2.0565
6155.8452    2.0565
6157.0952    2.0565
6158.3452    2.0564
6159.5952    2.0564
6160.8452    2.0564
6162.0952    2.0563
6163.3452    2.0563
6164.5952    2.0563
6165.8452    2.0562
6167.0952    2.0562
6168.3452    2.0562
6169.5952    2.0561
6170.8452    2.0561
6172.0952    2.0561
6173.3452    2.0560
6174.5952    2.0560
6175.8452    2.0560
6177.0952    2.0559
6178.3452    2.0559
6179.5952    2.0559
6180.8452    2.0559
6182.0952    2.0558
6183.3452    2.0558
6184.5952    2.0558
6185.8452    2.0557
6187.0952    2.0557
6188.3452    2.0557
6189.5952    2.0556
6190.8452    2.0556
6192.0952    2.0556
6193.3452    2.0555
6194.5952    2.0555
6195.8452    2.0555
6197.0952    2.0554
6198.3452    2.0554
6199.5952    2.0554
6200.8452    2.0553
6202.0952    2.0553
6203.3452    2.0553
6204.5952    2.0553
6205.8452    2.0552
6207.0952    2.0552
6208.3452    2.0552
6209.5952    2.0551
6210.8452    2.0551
6212.0952    2.0551
6213.3452    2.0550
6214.5952    2.0550
6215.8452    2.0550
6217.0952    2.0549
6218.3452    2.0549
6219.5952    2.0549
6220.8452    2.0549
6222.0952    2.0548
6223.3452    2.0548
6224.5952    2.0548
6225.8452    2.0547
6227.0952    2.0547
6228.3452    2.0547
6229.5952    2.0546
6230.8452    2.0546
6232.0952    2.0546
6233.3452    2.0546
6234.5952    2.0545
6235.8452    2.0545
6237.0952    2.0545
6238.3452    2.0544
6239.5952    2.0544
6240.8452    2.0544
6242.0952    2.0544
6243.3452    2.0543
6244.5952    2.0543
6245.8452    2.0543
6247.0952    2.0542
6248.3452    2.0542
6249.5952    2.0542
6250.8452    2.0542
6252.0952    2.0541
6253.3452    2.0541
6254.5952    2.0541
6255.8452    2.0540
6257.0952    2.0540
6258.3452    2.0540
6259.5952    2.0540
6260.8452    2.0539
6262.0952    2.0539
6263.3452    2.0539
6264.5952    2.0538
6265.8452    2.0538
6267.0952    2.0538
6268.3452    2.0538
6269.5952    2.0537
6270.8452    2.0537
6272.0952    2.0537
6273.3452    2.0536
6274.5952    2.0536
6275.8452    2.0536
6277.0952    2.0536
6278.3452    2.0535
6279.5952    2.0535
6280.8452    2.0535
6282.0952    2.0534
6283.3452    2.0534
6284.5952    2.0534
6285.8452    2.0534
6287.0952    2.0533
6288.3452    2.0533
6289.5952    2.0533
6290.8452    2.0533
6292.0952    2.0532
6293.3452    2.0532
6294.5952    2.0532
6295.8452    2.0531
6297.0952    2.0531
6298.3452    2.0531
6299.5952    2.0531
6300.8452    2.0530
6302.0952    2.0530
6303.3452    2.0530
6304.5952    2.0530
6305.8452    2.0529
6307.0952    2.0529
6308.3452    2.0529
6309.5952    2.0529
6310.8452    2.0528
6312.0952    2.0528
6313.3452    2.0528
6314.5952    2.0528
6315.8452    2.0527
6317.0952    2.0527
6318.3452    2.0527
6319.5952    2.0526
6320.8452    2.0526
6322.0952    2.0526
6323.3452    2.0526
6324.5952    2.0525
6325.8452    2.0525
6327.0952    2.0525
6328.3452    2.0525
6329.5952    2.0524
6330.8452    2.0524
6332.0952    2.0524
6333.3452    2.0524
6334.5952    2.0523
6335.8452    2.0523
6337.0952    2.0523
6338.3452    2.0523
6339.5952    2.0522
6340.8452    2.0522
6342.0952    2.0522
6343.3452    2.0522
6344.5952    2.0521
6345.8452    2.0521
6347.0952    2.0521
6348.3452    2.0521
6349.5952    2.0520
6350.8452    2.0520
6352.0952    2.0520
6353.3452    2.0520
6354.5952    2.0519
6355.8452    2.0519
6357.0952    2.0519
6358.3452    2.0519
6359.5952    2.0518
6360.8452    2.0518
6362.0952    2.0518
6363.3452    2.0518
6364.5952    2.0517
6365.8452    2.0517
6367.0952    2.0517
6368.3452    2.0517
6369.5952    2.0516
6370.8452    2.0516
6372.0952    2.0516
6373.3452    2.0516
6374.5952    2.0516
6375.8452    2.0515
6377.0952    2.0515
6378.3452    2.0515
6379.5952    2.0515
6380.8452    2.0514
6382.0952    2.0514
6383.3452    2.0514
6384.5952    2.0514
6385.8452    2.0513
6387.0952    2.0513
6388.3452    2.0513
6389.5952    2.0513
6390.8452    2.0513
6392.0952    2.0512
6393.3452    2.0512
6394.5952    2.0512
6395.8452    2.0512
6397.0952    2.0511
6398.3452    2.0511
6399.5952    2.0511
6400.8452    2.0511
6402.0952    2.0510
6403.3452    2.0510
6404.5952    2.0510
6405.8452    2.0510
6407.0952    2.0510
6408.3452    2.0509
6409.5952    2.0509
6410.8452    2.0509
6412.0952    2.0509
6413.3452    2.0508
6414.5952    2.0508
6415.8452    2.0508
6417.0952    2.0508
6418.3452    2.0508
6419.5952    2.0507
6420.8452    2.0507
6422.0952    2.0507
6423.3452    2.0507
6424.5952    2.0506
6425.8452    2.0506
6427.0952    2.0506
6428.3452    2.0506
6429.5952    2.0506
6430.8452    2.0505
6432.0952    2.0505
6433.3452    2.0505
6434.5952    2.0505
6435.8452    2.0505
6437.0952    2.0504
6438.3452    2.0504
6439.5952    2.0504
6440.8452    2.0504
6442.0952    2.0503
6443.3452    2.0503
6444.5952    2.0503
6445.8452    2.0503
6447.0952    2.0503
6448.3452    2.0502
6449.5952    2.0502
6450.8452    2.0502
6452.0952    2.0502
6453.3452    2.0502
6454.5952    2.0501
6455.8452    2.0501
6457.0952    2.0501
6458.3452    2.0501
6459.5952    2.0501
6460.8452    2.0500
6462.0952    2.0500
6463.3452    2.0500
6464.5952    2.0500
6465.8452    2.0500
6467.0952    2.0499
6468.3452    2.0499
6469.5952    2.0499
6470.8452    2.0499
6472.0952    2.0498
6473.3452    2.0498
6474.5952    2.0498
6475.8452    2.0498
6477.0952    2.0498
6478.3452    2.0498
6479.5952    2.0497
6480.8452    2.0497
6482.0952    2.0497
6483.3452    2.0497
6484.5952    2.0497
6485.8452    2.0496
6487.0952    2.0496
6488.3452    2.0496
6489.5952    2.0496
6490.8452    2.0496
6492.0952    2.0495
6493.3452    2.0495
6494.5952    2.0495
6495.8452    2.0495
6497.0952    2.0495
6498.3452    2.0494
6499.5952    2.0494
6500.8452    2.0494
6502.0952    2.0494
6503.3452    2.0494
6504.5952    2.0493
6505.8452    2.0493
6507.0952    2.0493
6508.3452    2.0493
6509.5952    2.0493
6510.8452    2.0492
6512.0952    2.0492
6513.3452    2.0492
6514.5952    2.0492
6515.8452    2.0492
6517.0952    2.0492
6518.3452    2.0491
6519.5952    2.0491
6520.8452    2.0491
6522.0952    2.0491
6523.3452    2.0491
6524.5952    2.0490
6525.8452    2.0490
6527.0952    2.0490
6528.3452    2.0490
6529.5952    2.0490
6530.8452    2.0490
6532.0952    2.0489
6533.3452    2.0489
6534.5952    2.0489
6535.8452    2.0489
6537.0952    2.0489
6538.3452    2.0488
6539.5952    2.0488
6540.8452    2.0488
6542.0952    2.0488
6543.3452    2.0488
6544.5952    2.0488
6545.8452    2.0487
6547.0952    2.0487
6548.3452    2.0487
6549.5952    2.0487
6550.8452    2.0487
6552.0952    2.0487
6553.3452    2.0486
6554.5952    2.0486
6555.8452    2.0486
6557.0952    2.0486
6558.3452    2.0486
6559.5952    2.0486
6560.8452    2.0485
6562.0952    2.0485
6563.3452    2.0485
6564.5952    2.0485
6565.8452    2.0485
6567.0952    2.0485
6568.3452    2.0484
6569.5952    2.0484
6570.8452    2.0484
6572.0952    2.0484
6573.3452    2.0484
6574.5952    2.0484
6575.8452    2.0483
6577.0952    2.0483
6578.3452    2.0483
6579.5952    2.0483
6580.8452    2.0483
6582.0952    2.0483
6583.3452    2.0482
6584.5952    2.0482
6585.8452    2.0482
6587.0952    2.0482
6588.3452    2.0482
6589.5952    2.0482
6590.8452    2.0481
6592.0952    2.0481
6593.3452    2.0481
6594.5952    2.0481
6595.8452    2.0481
6597.0952    2.0481
6598.3452    2.0480
6599.5952    2.0480
6600.8452    2.0480
6602.0952    2.0480
6603.3452    2.0480
6604.5952    2.0480
6605.8452    2.0480
6607.0952    2.0479
6608.3452    2.0479
6609.5952    2.0479
6610.8452    2.0479
6612.0952    2.0479
6613.3452    2.0479
6614.5952    2.0478
6615.8452    2.0478
6617.0952    2.0478
6618.3452    2.0478
6619.5952    2.0478
6620.8452    2.0478
6622.0952    2.0478
6623.3452    2.0477
6624.5952    2.0477
6625.8452    2.0477
6627.0952    2.0477
6628.3452    2.0477
6629.5952    2.0477
6630.8452    2.0477
6632.0952    2.0476
6633.3452    2.0476
6634.5952    2.0476
6635.8452    2.0476
6637.0952    2.0476
6638.3452    2.0476
6639.5952    2.0476
6640.8452    2.0475
6642.0952    2.0475
6643.3452    2.0475
6644.5952    2.0475
6645.8452    2.0475
6647.0952    2.0475
6648.3452    2.0475
6649.5952    2.0474
6650.8452    2.0474
6652.0952    2.0474
6653.3452    2.0474
6654.5952    2.0474
6655.8452    2.0474
6657.0952    2.0474
6658.3452    2.0473
6659.5952    2.0473
6660.8452    2.0473
6662.0952    2.0473
6663.3452    2.0473
6664.5952    2.0473
6665.8452    2.0473
6667.0952    2.0472
6668.3452    2.0472
6669.5952    2.0472
6670.8452    2.0472
6672.0952    2.0472
6673.3452    2.0472
6674.5952    2.0472
6675.8452    2.0472
6677.0952    2.0471
6678.3452    2.0471
6679.5952    2.0471
6680.8452    2.0471
6682.0952    2.0471
6683.3452    2.0471
6684.5952    2.0471
6685.8452    2.0471
6687.0952    2.0470
6688.3452    2.0470
6689.5952    2.0470
6690.8452    2.0470
6692.0952    2.0470
6693.3452    2.0470
6694.5952    2.0470
6695.8452    2.0470
6697.0952    2.0469
6698.3452    2.0469
6699.5952    2.0469
6700.8452    2.0469
6702.0952    2.0469
6703.3452    2.0469
6704.5952    2.0469
6705.8452    2.0469
6707.0952    2.0468
6708.3452    2.0468
6709.5952    2.0468
6710.8452    2.0468
6712.0952    2.0468
6713.3452    2.0468
6714.5952    2.0468
6715.8452    2.0468
6717.0952    2.0467
6718.3452    2.0467
6719.5952    2.0467
6720.8452    2.0467
6722.0952    2.0467
6723.3452    2.0467
6724.5952    2.0467
6725.8452    2.0467
6727.0952    2.0466
6728.3452    2.0466
6729.5952    2.0466
6730.8452    2.0466
6732.0952    2.0466
6733.3452    2.0466
6734.5952    2.0466
6735.8452    2.0466
6737.0952    2.0466
6738.3452    2.0465
6739.5952    2.0465
6740.8452    2.0465
6742.0952    2.0465
6743.3452    2.0465
6744.5952    2.0465
6745.8452    2.0465
6747.0952    2.0465
6748.3452    2.0465
6749.5952    2.0464
6750.8452    2.0464
6752.0952    2.0464
6753.3452    2.0464
6754.5952    2.0464
6755.8452    2.0464
6757.0952    2.0464
6758.3452    2.0464
6759.5952    2.0464
6760.8452    2.0464
6762.0952    2.0463
6763.3452    2.0463
6764.5952    2.0463
6765.8452    2.0463
6767.0952    2.0463
6768.3452    2.0463
6769.5952    2.0463
6770.8452    2.0463
6772.0952    2.0463
6773.3452    2.0462
6774.5952    2.0462
6775.8452    2.0462
6777.0952    2.0462
6778.3452    2.0462
6779.5952    2.0462
6780.8452    2.0462
6782.0952    2.0462
6783.3452    2.0462
6784.5952    2.0462
6785.8452    2.0461
6787.0952    2.0461
6788.3452    2.0461
6789.5952    2.0461
6790.8452    2.0461
6792.0952    2.0461
6793.3452    2.0461
6794.5952    2.0461
6795.8452    2.0461
6797.0952    2.0461
6798.3452    2.0461
6799.5952    2.0460
6800.8452    2.0460
6802.0952    2.0460
6803.3452    2.0460
6804.5952    2.0460
6805.8452    2.0460
6807.0952    2.0460
6808.3452    2.0460
6809.5952    2.0460
6810.8452    2.0460
6812.0952    2.0459
6813.3452    2.0459
6814.5952    2.0459
6815.8452    2.0459
6817.0952    2.0459
6818.3452    2.0459
6819.5952    2.0459
6820.8452    2.0459
6822.0952    2.0459
6823.3452    2.0459
6824.5952    2.0459
6825.8452    2.0459
6827.0952    2.0458
6828.3452    2.0458
6829.5952    2.0458
6830.8452    2.0458
6832.0952    2.0458
6833.3452    2.0458
6834.5952    2.0458
6835.8452    2.0458
6837.0952    2.0458
6838.3452    2.0458
6839.5952    2.0458
6840.8452    2.0457
6842.0952    2.0457
6843.3452    2.0457
6844.5952    2.0457
6845.8452    2.0457
6847.0952    2.0457
6848.3452    2.0457
6849.5952    2.0457
6850.8452    2.0457
6852.0952    2.0457
6853.3452    2.0457
6854.5952    2.0457
6855.8452    2.0457
6857.0952    2.0456
6858.3452    2.0456
6859.5952    2.0456
6860.8452    2.0456
6862.0952    2.0456
6863.3452    2.0456
6864.5952    2.0456
6865.8452    2.0456
6867.0952    2.0456
6868.3452    2.0456
6869.5952    2.0456
6870.8452    2.0456
6872.0952    2.0456
6873.3452    2.0455
6874.5952    2.0455
6875.8452    2.0455
6877.0952    2.0455
6878.3452    2.0455
6879.5952    2.0455
6880.8452    2.0455
6882.0952    2.0455
6883.3452    2.0455
6884.5952    2.0455
6885.8452    2.0455
6887.0952    2.0455
6888.3452    2.0455
6889.5952    2.0455
6890.8452    2.0455
6892.0952    2.0454
6893.3452    2.0454
6894.5952    2.0454
6895.8452    2.0454
6897.0952    2.0454
6898.3452    2.0454
6899.5952    2.0454
6900.8452    2.0454
6902.0952    2.0454
6903.3452    2.0454
6904.5952    2.0454
6905.8452    2.0454
6907.0952    2.0454
6908.3452    2.0454
6909.5952    2.0454
6910.8452    2.0453
6912.0952    2.0453
6913.3452    2.0453
6914.5952    2.0453
6915.8452    2.0453
6917.0952    2.0453
6918.3452    2.0453
6919.5952    2.0453
6920.8452    2.0453
6922.0952    2.0453
6923.3452    2.0453
6924.5952    2.0453
6925.8452    2.0453
6927.0952    2.0453
6928.3452    2.0453
6929.5952    2.0453
6930.8452    2.0453
6932.0952    2.0452
6933.3452    2.0452
6934.5952    2.0452
6935.8452    2.0452
6937.0952    2.0452
6938.3452    2.0452
6939.5952    2.0452
6940.8452    2.0452
6942.0952    2.0452
6943.3452    2.0452
6944.5952    2.0452
6945.8452    2.0452
6947.0952    2.0452
6948.3452    2.0452
6949.5952    2.0452
6950.8452    2.0452
6952.0952    2.0452
6953.3452    2.0452
6954.5952    2.0451
6955.8452    2.0451
6957.0952    2.0451
6958.3452    2.0451
6959.5952    2.0451
6960.8452    2.0451
6962.0952    2.0451
6963.3452    2.0451
6964.5952    2.0451
6965.8452    2.0451
6967.0952    2.0451
6968.3452    2.0451
6969.5952    2.0451
6970.8452    2.0451
6972.0952    2.0451
6973.3452    2.0451
6974.5952    2.0451
6975.8452    2.0451
6977.0952    2.0451
6978.3452    2.0451
6979.5952    2.0451
6980.8452    2.0451
6982.0952    2.0450
6983.3452    2.0450
6984.5952    2.0450
6985.8452    2.0450
6987.0952    2.0450
6988.3452    2.0450
6989.5952    2.0450
6990.8452    2.0450
6992.0952    2.0450
6993.3452    2.0450
6994.5952    2.0450
6995.8452    2.0450
6997.0952    2.0450
6998.3452    2.0450
6999.5952    2.0450
7000.8452    2.0450
7002.0952    2.0450
7003.3452    2.0450
7004.5952    2.0450
7005.8452    2.0450
7007.0952    2.0450
7008.3452    2.0450
7009.5952    2.0450
7010.8452    2.0450
7012.0952    2.0450
7013.3452    2.0450
7014.5952    2.0449
7015.8452    2.0449
7017.0952    2.0449
7018.3452    2.0449
7019.5952    2.0449
7020.8452    2.0449
7022.0952    2.0449
7023.3452    2.0449
7024.5952    2.0449
7025.8452    2.0449
7027.0952    2.0449
7028.3452    2.0449
7029.5952    2.0449
7030.8452    2.0449
7032.0952    2.0449
7033.3452    2.0449
7034.5952    2.0449
7035.8452    2.0449
7037.0952    2.0449
7038.3452    2.0449
7039.5952    2.0449
7040.8452    2.0449
7042.0952    2.0449
7043.3452    2.0449
7044.5952    2.0449
7045.8452    2.0449
7047.0952    2.0449
7048.3452    2.0449
7049.5952    2.0449
7050.8452    2.0449
7052.0952    2.0449
7053.3452    2.0449
7054.5952    2.0449
7055.8452    2.0449
7057.0952    2.0449
7058.3452    2.0448
7059.5952    2.0448
7060.8452    2.0448
7062.0952    2.0448
7063.3452    2.0448
7064.5952    2.0448
7065.8452    2.0448
7067.0952    2.0448
7068.3452    2.0448
7069.5952    2.0448
7070.8452    2.0448
7072.0952    2.0448
7073.3452    2.0448
7074.5952    2.0448
7075.8452    2.0448
7077.0952    2.0448
7078.3452    2.0448
7079.5952    2.0448
7080.8452    2.0448
7082.0952    2.0448
7083.3452    2.0448
7084.5952    2.0448
7085.8452    2.0448
7087.0952    2.0448
7088.3452    2.0448
7089.5952    2.0448
7090.8452    2.0448
7092.0952    2.0448
7093.3452    2.0448
7094.5952    2.0448
7095.8452    2.0448
7097.0952    2.0448
7098.3452    2.0448
7099.5952    2.0448
7100.8452    2.0448
7102.0952    2.0448
7103.3452    2.0448
7104.5952    2.0448
7105.8452    2.0448
7107.0952    2.0448
7108.3452    2.0448
7109.5952    2.0448
7110.8452    2.0448
7112.0952    2.0448
7113.3452    2.0448
7114.5952    2.0448
7115.8452    2.0448
7117.0952    2.0448
7118.3452    2.0448
7119.5952    2.0448
7120.8452    2.0448
7122.0952    2.0448
7123.3452    2.0448
7124.5952    2.0448
7125.8452    2.0448
7127.0952    2.0448
7128.3452    2.0448
7129.5952    2.0448
7130.8452    2.0448
7132.0952    2.0448
7133.3452    2.0448
7134.5952    2.0448
7135.8452    2.0448
7137.0952    2.0448
7138.3452    2.0448
7139.5952    2.0448
7140.8452    2.0448
7142.0952    2.0448
7143.3452    2.0448
7144.5952    2.0448
7145.8452    2.0448
7147.0952    2.0448
7148.3452    2.0448
7149.5952    2.0448
7150.8452    2.0448
7152.0952    2.0448
7153.3452    2.0448
7154.5952    2.0448
7155.8452    2.0448
7157.0952    2.0448
7158.3452    2.0448
7159.5952    2.0448
7160.8452    2.0448
7162.0952    2.0448
7163.3452    2.0448
7164.5952    2.0448
7165.8452    2.0448
7167.0952    2.0448
7168.3452    2.0448
7169.5952    2.0448
7170.8452    2.0448
7172.0952    2.0448
7173.3452    2.0448
7174.5952    2.0448
7175.8452    2.0448
7177.0952    2.0448
7178.3452    2.0448
7179.5952    2.0448
7180.8452    2.0448
7182.0952    2.0448
7183.3452    2.0448
7184.5952    2.0448
7185.8452    2.0448
7187.0952    2.0448
7188.3452    2.0448
7189.5952    2.0448
7190.8452    2.0448
7192.0952    2.0448
7193.3452    2.0448
7194.5952    2.0448
7195.8452    2.0448
7197.0952    2.0448
7198.3452    2.0448
7199.5952    2.0448
7200.8452    2.0448
7202.0952    2.0448
7203.3452    2.0448
7204.5952    2.0448
7205.8452    2.0448
7207.0952    2.0448
7208.3452    2.0448
7209.5952    2.0448
7210.8452    2.0448
7212.0952    2.0448
7213.3452    2.0448
7214.5952    2.0448
7215.8452    2.0448
7217.0952    2.0448
7218.3452    2.0448
7219.5952    2.0448
7220.8452    2.0448
7222.0952    2.0448
7223.3452    2.0448
7224.5952    2.0448
7225.8452    2.0448
7227.0952    2.0448
7228.3452    2.0449
7229.5952    2.0449
7230.8452    2.0449
7232.0952    2.0449
7233.3452    2.0449
7234.5952    2.0449
7235.8452    2.0449
7237.0952    2.0449
7238.3452    2.0449
7239.5952    2.0449
7240.8452    2.0449
7242.0952    2.0449
7243.3452    2.0449
7244.5952    2.0449
7245.8452    2.0449
7247.0952    2.0449
7248.3452    2.0449
7249.5952    2.0449
7250.8452    2.0449
7252.0952    2.0449
7253.3452    2.0449
7254.5952    2.0449
7255.8452    2.0449
7257.0952    2.0449
7258.3452    2.0449
7259.5952    2.0449
7260.8452    2.0449
7262.0952    2.0449
7263.3452    2.0449
7264.5952    2.0449
7265.8452    2.0449
7267.0952    2.0449
7268.3452    2.0449
7269.5952    2.0449
7270.8452    2.0449
7272.0952    2.0449
7273.3452    2.0450
7274.5952    2.0450
7275.8452    2.0450
7277.0952    2.0450
7278.3452    2.0450
7279.5952    2.0450
7280.8452    2.0450
7282.0952    2.0450
7283.3452    2.0450
7284.5952    2.0450
7285.8452    2.0450
7287.0952    2.0450
7288.3452    2.0450
7289.5952    2.0450
7290.8452    2.0450
7292.0952    2.0450
7293.3452    2.0450
7294.5952    2.0450
7295.8452    2.0450
7297.0952    2.0450
7298.3452    2.0450
7299.5952    2.0450
7300.8452    2.0450
7302.0952    2.0450
7303.3452    2.0450
7304.5952    2.0450
7305.8452    2.0451
7307.0952    2.0451
7308.3452    2.0451
7309.5952    2.0451
7310.8452    2.0451
7312.0952    2.0451
7313.3452    2.0451
7314.5952    2.0451
7315.8452    2.0451
7317.0952    2.0451
7318.3452    2.0451
7319.5952    2.0451
7320.8452    2.0451
7322.0952    2.0451
7323.3452    2.0451
7324.5952    2.0451
7325.8452    2.0451
7327.0952    2.0451
7328.3452    2.0451
7329.5952    2.0451
7330.8452    2.0451
7332.0952    2.0451
7333.3452    2.0452
7334.5952    2.0452
7335.8452    2.0452
7337.0952    2.0452
7338.3452    2.0452
7339.5952    2.0452
7340.8452    2.0452
7342.0952    2.0452
7343.3452    2.0452
7344.5952    2.0452
7345.8452    2.0452
7347.0952    2.0452
7348.3452    2.0452
7349.5952    2.0452
7350.8452    2.0452
7352.0952    2.0452
7353.3452    2.0452
7354.5952    2.0452
7355.8452    2.0452
7357.0952    2.0453
7358.3452    2.0453
7359.5952    2.0453
7360.8452    2.0453
7362.0952    2.0453
7363.3452    2.0453
7364.5952    2.0453
7365.8452    2.0453
7367.0952    2.0453
7368.3452    2.0453
7369.5952    2.0453
7370.8452    2.0453
7372.0952    2.0453
7373.3452    2.0453
7374.5952    2.0453
7375.8452    2.0453
7377.0952    2.0453
7378.3452    2.0454
7379.5952    2.0454
7380.8452    2.0454
7382.0952    2.0454
7383.3452    2.0454
7384.5952    2.0454
7385.8452    2.0454
7387.0952    2.0454
7388.3452    2.0454
7389.5952    2.0454
7390.8452    2.0454
7392.0952    2.0454
7393.3452    2.0454
7394.5952    2.0454
7395.8452    2.0454
7397.0952    2.0454
7398.3452    2.0455
7399.5952    2.0455
7400.8452    2.0455
7402.0952    2.0455
7403.3452    2.0455
7404.5952    2.0455
7405.8452    2.0455
7407.0952    2.0455
7408.3452    2.0455
7409.5952    2.0455
7410.8452    2.0455
7412.0952    2.0455
7413.3452    2.0455
7414.5952    2.0455
7415.8452    2.0455
7417.0952    2.0456
7418.3452    2.0456
7419.5952    2.0456
7420.8452    2.0456
7422.0952    2.0456
7423.3452    2.0456
7424.5952    2.0456
7425.8452    2.0456
7427.0952    2.0456
7428.3452    2.0456
7429.5952    2.0456
7430.8452    2.0456
7432.0952    2.0456
7433.3452    2.0457
7434.5952    2.0457
7435.8452    2.0457
7437.0952    2.0457
7438.3452    2.0457
7439.5952    2.0457
7440.8452    2.0457
7442.0952    2.0457
7443.3452    2.0457
7444.5952    2.0457
7445.8452    2.0457
7447.0952    2.0457
7448.3452    2.0457
7449.5952    2.0458
7450.8452    2.0458
7452.0952    2.0458
7453.3452    2.0458
7454.5952    2.0458
7455.8452    2.0458
7457.0952    2.0458
7458.3452    2.0458
7459.5952    2.0458
7460.8452    2.0458
7462.0952    2.0458
7463.3452    2.0458
7464.5952    2.0459
7465.8452    2.0459
7467.0952    2.0459
7468.3452    2.0459
7469.5952    2.0459
7470.8452    2.0459
7472.0952    2.0459
7473.3452    2.0459
7474.5952    2.0459
7475.8452    2.0459
7477.0952    2.0459
7478.3452    2.0459
7479.5952    2.0460
7480.8452    2.0460
7482.0952    2.0460
7483.3452    2.0460
7484.5952    2.0460
7485.8452    2.0460
7487.0952    2.0460
7488.3452    2.0460
7489.5952    2.0460
7490.8452    2.0460
7492.0952    2.0460
7493.3452    2.0461
7494.5952    2.0461
7495.8452    2.0461
7497.0952    2.0461
7498.3452    2.0461
7499.5952    2.0461
7500.8452    2.0461
7502.0952    2.0461
7503.3452    2.0461
7504.5952    2.0461
7505.8452    2.0461
7507.0952    2.0462
7508.3452    2.0462
7509.5952    2.0462
7510.8452    2.0462
7512.0952    2.0462
7513.3452    2.0462
7514.5952    2.0462
7515.8452    2.0462
7517.0952    2.0462
7518.3452    2.0462
7519.5952    2.0463
7520.8452    2.0463
7522.0952    2.0463
7523.3452    2.0463
7524.5952    2.0463
7525.8452    2.0463
7527.0952    2.0463
7528.3452    2.0463
7529.5952    2.0463
7530.8452    2.0463
7532.0952    2.0464
7533.3452    2.0464
7534.5952    2.0464
7535.8452    2.0464
7537.0952    2.0464
7538.3452    2.0464
7539.5952    2.0464
7540.8452    2.0464
7542.0952    2.0464
7543.3452    2.0464
7544.5952    2.0465
7545.8452    2.0465
7547.0952    2.0465
7548.3452    2.0465
7549.5952    2.0465
7550.8452    2.0465
7552.0952    2.0465
7553.3452    2.0465
7554.5952    2.0465
7555.8452    2.0466
7557.0952    2.0466
7558.3452    2.0466
7559.5952    2.0466
7560.8452    2.0466
7562.0952    2.0466
7563.3452    2.0466
7564.5952    2.0466
7565.8452    2.0466
7567.0952    2.0466
7568.3452    2.0467
7569.5952    2.0467
7570.8452    2.0467
7572.0952    2.0467
7573.3452    2.0467
7574.5952    2.0467
7575.8452    2.0467
7577.0952    2.0467
7578.3452    2.0468
7579.5952    2.0468
7580.8452    2.0468
7582.0952    2.0468
7583.3452    2.0468
7584.5952    2.0468
7585.8452    2.0468
7587.0952    2.0468
7588.3452    2.0468
7589.5952    2.0469
7590.8452    2.0469
7592.0952    2.0469
7593.3452    2.0469
7594.5952    2.0469
7595.8452    2.0469
7597.0952    2.0469
7598.3452    2.0469
7599.5952    2.0469
7600.8452    2.0470
7602.0952    2.0470
7603.3452    2.0470
7604.5952    2.0470
7605.8452    2.0470
7607.0952    2.0470
7608.3452    2.0470
7609.5952    2.0470
7610.8452    2.0471
7612.0952    2.0471
7613.3452    2.0471
7614.5952    2.0471
7615.8452    2.0471
7617.0952    2.0471
7618.3452    2.0471
7619.5952    2.0471
7620.8452    2.0472
7622.0952    2.0472
7623.3452    2.0472
7624.5952    2.0472
7625.8452    2.0472
7627.0952    2.0472
7628.3452    2.0472
7629.5952    2.0472
7630.8452    2.0473
7632.0952    2.0473
7633.3452    2.0473
7634.5952    2.0473
7635.8452    2.0473
7637.0952    2.0473
7638.3452    2.0473
7639.5952    2.0474
7640.8452    2.0474
7642.0952    2.0474
7643.3452    2.0474
7644.5952    2.0474
7645.8452    2.0474
7647.0952    2.0474
7648.3452    2.0474
7649.5952    2.0475
7650.8452    2.0475
7652.0952    2.0475
7653.3452    2.0475
7654.5952    2.0475
7655.8452    2.0475
7657.0952    2.0475
7658.3452    2.0476
7659.5952    2.0476
7660.8452    2.0476
7662.0952    2.0476
7663.3452    2.0476
7664.5952    2.0476
7665.8452    2.0476
7667.0952    2.0476
7668.3452    2.0477
7669.5952    2.0477
7670.8452    2.0477
7672.0952    2.0477
7673.3452    2.0477
7674.5952    2.0477
7675.8452    2.0477
7677.0952    2.0478
7678.3452    2.0478
7679.5952    2.0478
7680.8452    2.0478
7682.0952    2.0478
7683.3452    2.0478
7684.5952    2.0478
7685.8452    2.0479
7687.0952    2.0479
7688.3452    2.0479
7689.5952    2.0479
7690.8452    2.0479
7692.0952    2.0479
7693.3452    2.0479
7694.5952    2.0480
7695.8452    2.0480
7697.0952    2.0480
7698.3452    2.0480
7699.5952    2.0480
7700.8452    2.0480
7702.0952    2.0480
7703.3452    2.0481
7704.5952    2.0481
7705.8452    2.0481
7707.0952    2.0481
7708.3452    2.0481
7709.5952    2.0481
7710.8452    2.0482
7712.0952    2.0482
7713.3452    2.0482
7714.5952    2.0482
7715.8452    2.0482
7717.0952    2.0482
7718.3452    2.0482
7719.5952    2.0483
7720.8452    2.0483
7722.0952    2.0483
7723.3452    2.0483
7724.5952    2.0483
7725.8452    2.0483
7727.0952    2.0484
7728.3452    2.0484
7729.5952    2.0484
7730.8452    2.0484
7732.0952    2.0484
7733.3452    2.0484
7734.5952    2.0484
7735.8452    2.0485
7737.0952    2.0485
7738.3452    2.0485
7739.5952    2.0485
7740.8452    2.0485
7742.0952    2.0485
7743.3452    2.0486
7744.5952    2.0486
7745.8452    2.0486
7747.0952    2.0486
7748.3452    2.0486
7749.5952    2.0486
7750.8452    2.0487
7752.0952    2.0487
7753.3452    2.0487
7754.5952    2.0487
7755.8452    2.0487
7757.0952    2.0487
7758.3452    2.0488
7759.5952    2.0488
7760.8452    2.0488
7762.0952    2.0488
7763.3452    2.0488
7764.5952    2.0488
7765.8452    2.0489
7767.0952    2.0489
7768.3452    2.0489
7769.5952    2.0489
7770.8452    2.0489
7772.0952    2.0489
7773.3452    2.0490
7774.5952    2.0490
7775.8452    2.0490
7777.0952    2.0490
7778.3452    2.0490
7779.5952    2.0490
7780.8452    2.0491
7782.0952    2.0491
7783.3452    2.0491
7784.5952    2.0491
7785.8452    2.0491
7787.0952    2.0491
7788.3452    2.0492
7789.5952    2.0492
7790.8452    2.0492
7792.0952    2.0492
7793.3452    2.0492
7794.5952    2.0492
7795.8452    2.0493
7797.0952    2.0493
7798.3452    2.0493
7799.5952    2.0493
7800.8452    2.0493
7802.0952    2.0494
7803.3452    2.0494
7804.5952    2.0494
7805.8452    2.0494
7807.0952    2.0494
7808.3452    2.0494
7809.5952    2.0495
7810.8452    2.0495
7812.0952    2.0495
7813.3452    2.0495
7814.5952    2.0495
7815.8452    2.0495
7817.0952    2.0496
7818.3452    2.0496
7819.5952    2.0496
7820.8452    2.0496
7822.0952    2.0496
7823.3452    2.0497
7824.5952    2.0497
7825.8452    2.0497
7827.0952    2.0497
7828.3452    2.0497
7829.5952    2.0498
7830.8452    2.0498
7832.0952    2.0498
7833.3452    2.0498
7834.5952    2.0498
7835.8452    2.0498
7837.0952    2.0499
7838.3452    2.0499
7839.5952    2.0499
7840.8452    2.0499
7842.0952    2.0499
7843.3452    2.0500
7844.5952    2.0500
7845.8452    2.0500
7847.0952    2.0500
7848.3452    2.0500
7849.5952    2.0501
7850.8452    2.0501
7852.0952    2.0501
7853.3452    2.0501
7854.5952    2.0501
7855.8452    2.0501
7857.0952    2.0502
7858.3452    2.0502
7859.5952    2.0502
7860.8452    2.0502
7862.0952    2.0502
7863.3452    2.0503
7864.5952    2.0503
7865.8452    2.0503
7867.0952    2.0503
7868.3452    2.0503
7869.5952    2.0504
7870.8452    2.0504
7872.0952    2.0504
7873.3452    2.0504
7874.5952    2.0504
7875.8452    2.0505
7877.0952    2.0505
7878.3452    2.0505
7879.5952    2.0505
7880.8452    2.0505
7882.0952    2.0506
7883.3452    2.0506
7884.5952    2.0506
7885.8452    2.0506
7887.0952    2.0506
7888.3452    2.0507
7889.5952    2.0507
7890.8452    2.0507
7892.0952    2.0507
7893.3452    2.0507
7894.5952    2.0508
7895.8452    2.0508
7897.0952    2.0508
7898.3452    2.0508
7899.5952    2.0508
7900.8452    2.0509
7902.0952    2.0509
7903.3452    2.0509
7904.5952    2.0509
7905.8452    2.0510
7907.0952    2.0510
7908.3452    2.0510
7909.5952    2.0510
7910.8452    2.0510
7912.0952    2.0511
7913.3452    2.0511
7914.5952    2.0511
7915.8452    2.0511
7917.0952    2.0511
7918.3452    2.0512
7919.5952    2.0512
7920.8452    2.0512
7922.0952    2.0512
7923.3452    2.0512
7924.5952    2.0513
7925.8452    2.0513
7927.0952    2.0513
7928.3452    2.0513
7929.5952    2.0514
7930.8452    2.0514
7932.0952    2.0514
7933.3452    2.0514
7934.5952    2.0514
7935.8452    2.0515
7937.0952    2.0515
7938.3452    2.0515
7939.5952    2.0515
7940.8452    2.0516
7942.0952    2.0516
7943.3452    2.0516
7944.5952    2.0516
7945.8452    2.0516
7947.0952    2.0517
7948.3452    2.0517
7949.5952    2.0517
7950.8452    2.0517
7952.0952    2.0518
7953.3452    2.0518
7954.5952    2.0518
7955.8452    2.0518
7957.0952    2.0518
7958.3452    2.0519
7959.5952    2.0519
7960.8452    2.0519
7962.0952    2.0519
7963.3452    2.0520
7964.5952    2.0520
7965.8452    2.0520
7967.0952    2.0520
7968.3452    2.0520
7969.5952    2.0521
7970.8452    2.0521
7972.0952    2.0521
7973.3452    2.0521
7974.5952    2.0522
7975.8452    2.0522
7977.0952    2.0522
7978.3452    2.0522
7979.5952    2.0523
7980.8452    2.0523
7982.0952    2.0523
7983.3452    2.0523
7984.5952    2.0523
7985.8452    2.0524
7987.0952    2.0524
7988.3452    2.0524
7989.5952    2.0524
7990.8452    2.0525
7992.0952    2.0525
7993.3452    2.0525
7994.5952    2.0525
7995.8452    2.0526
7997.0952    2.0526
7998.3452    2.0526
7999.5952    2.0526
8000.8452    2.0527
8002.0952    2.0527
8003.3452    2.0527
8004.5952    2.0527
8005.8452    2.0527
8007.0952    2.0528
8008.3452    2.0528
8009.5952    2.0528
8010.8452    2.0528
8012.0952    2.0529
8013.3452    2.0529
8014.5952    2.0529
8015.8452    2.0529
8017.0952    2.0530
8018.3452    2.0530
8019.5952    2.0530
8020.8452    2.0530
8022.0952    2.0531
8023.3452    2.0531
8024.5952    2.0531
8025.8452    2.0531
8027.0952    2.0532
8028.3452    2.0532
8029.5952    2.0532
8030.8452    2.0532
8032.0952    2.0533
8033.3452    2.0533
8034.5952    2.0533
8035.8452    2.0533
8037.0952    2.0534
8038.3452    2.0534
8039.5952    2.0534
8040.8452    2.0534
8042.0952    2.0535
8043.3452    2.0535
8044.5952    2.0535
8045.8452    2.0535
8047.0952    2.0536
8048.3452    2.0536
8049.5952    2.0536
8050.8452    2.0536
8052.0952    2.0537
8053.3452    2.0537
8054.5952    2.0537
8055.8452    2.0537
8057.0952    2.0538
8058.3452    2.0538
8059.5952    2.0538
8060.8452    2.0538
8062.0952    2.0539
8063.3452    2.0539
8064.5952    2.0539
8065.8452    2.0539
8067.0952    2.0540
8068.3452    2.0540
8069.5952    2.0540
8070.8452    2.0541
8072.0952    2.0541
8073.3452    2.0541
8074.5952    2.0541
8075.8452    2.0542
8077.0952    2.0542
8078.3452    2.0542
8079.5952    2.0542
8080.8452    2.0543
8082.0952    2.0543
8083.3452    2.0543
8084.5952    2.0543
8085.8452    2.0544
8087.0952    2.0544
8088.3452    2.0544
8089.5952    2.0544
8090.8452    2.0545
8092.0952    2.0545
8093.3452    2.0545
8094.5952    2.0546
8095.8452    2.0546
8097.0952    2.0546
8098.3452    2.0546
8099.5952    2.0547
8100.8452    2.0547
8102.0952    2.0547
8103.3452    2.0547
8104.5952    2.0548
8105.8452    2.0548
8107.0952    2.0548
8108.3452    2.0549
8109.5952    2.0549
8110.8452    2.0549
8112.0952    2.0549
8113.3452    2.0550
8114.5952    2.0550
8115.8452    2.0550
8117.0952    2.0550
8118.3452    2.0551
8119.5952    2.0551
8120.8452    2.0551
8122.0952    2.0552
8123.3452    2.0552
8124.5952    2.0552
8125.8452    2.0552
8127.0952    2.0553
8128.3452    2.0553
8129.5952    2.0553
8130.8452    2.0554
8132.0952    2.0554
8133.3452    2.0554
8134.5952    2.0554
8135.8452    2.0555
8137.0952    2.0555
8138.3452    2.0555
8139.5952    2.0556
8140.8452    2.0556
8142.0952    2.0556
8143.3452    2.0556
8144.5952    2.0557
8145.8452    2.0557
8147.0952    2.0557
8148.3452    2.0558
8149.5952    2.0558
8150.8452    2.0558
8152.0952    2.0558
8153.3452    2.0559
8154.5952    2.0559
8155.8452    2.0559
8157.0952    2.0560
8158.3452    2.0560
8159.5952    2.0560
8160.8452    2.0560
8162.0952    2.0561
8163.3452    2.0561
8164.5952    2.0561
8165.8452    2.0562
8167.0952    2.0562
8168.3452    2.0562
8169.5952    2.0563
8170.8452    2.0563
8172.0952    2.0563
8173.3452    2.0563
8174.5952    2.0564
8175.8452    2.0564
8177.0952    2.0564
8178.3452    2.0565
8179.5952    2.0565
8180.8452    2.0565
8182.0952    2.0566
8183.3452    2.0566
8184.5952    2.0566
8185.8452    2.0566
8187.0952    2.0567
8188.3452    2.0567
8189.5952    2.0567
8190.8452    2.0568
8192.0952    2.0568
8193.3452    2.0568
8194.5952    2.0569
8195.8452    2.0569
8197.0952    2.0569
8198.3452    2.0569
8199.5952    2.0570
8200.8452    2.0570
8202.0952    2.0570
8203.3452    2.0571
8204.5952    2.0571
8205.8452    2.0571
8207.0952    2.0572
8208.3452    2.0572
8209.5952    2.0572
8210.8452    2.0573
8212.0952    2.0573
8213.3452    2.0573
8214.5952    2.0573
8215.8452    2.0574
8217.0952    2.0574
8218.3452    2.0574
8219.5952    2.0575
8220.8452    2.0575
8222.0952    2.0575
8223.3452    2.0576
8224.5952    2.0576
8225.8452    2.0576
8227.0952    2.0577
8228.3452    2.0577
8229.5952    2.0577
8230.8452    2.0578
8232.0952    2.0578
8233.3452    2.0578
8234.5952    2.0579
8235.8452    2.0579
8237.0952    2.0579
8238.3452    2.0579
8239.5952    2.0580
8240.8452    2.0580
8242.0952    2.0580
8243.3452    2.0581
8244.5952    2.0581
8245.8452    2.0581
8247.0952    2.0582
8248.3452    2.0582
8249.5952    2.0582
8250.8452    2.0583
8252.0952    2.0583
8253.3452    2.0583
8254.5952    2.0584
8255.8452    2.0584
8257.0952    2.0584
8258.3452    2.0585
8259.5952    2.0585
8260.8452    2.0585
8262.0952    2.0586
8263.3452    2.0586
8264.5952    2.0586
8265.8452    2.0587
8267.0952    2.0587
8268.3452    2.0587
8269.5952    2.0588
8270.8452    2.0588
8272.0952    2.0588
8273.3452    2.0589
8274.5952    2.0589
8275.8452    2.0589
8277.0952    2.0590
8278.3452    2.0590
8279.5952    2.0590
8280.8452    2.0591
8282.0952    2.0591
8283.3452    2.0591
8284.5952    2.0592
8285.8452    2.0592
8287.0952    2.0592
8288.3452    2.0593
8289.5952    2.0593
8290.8452    2.0593
8292.0952    2.0594
8293.3452    2.0594
8294.5952    2.0594
8295.8452    2.0595
8297.0952    2.0595
8298.3452    2.0595
8299.5952    2.0596
8300.8452    2.0596
8302.0952    2.0596
8303.3452    2.0597
8304.5952    2.0597
8305.8452    2.0597
8307.0952    2.0598
8308.3452    2.0598
8309.5952    2.0599
8310.8452    2.0599
8312.0952    2.0599
8313.3452    2.0600
8314.5952    2.0600
8315.8452    2.0600
8317.0952    2.0601
8318.3452    2.0601
8319.5952    2.0601
8320.8452    2.0602
8322.0952    2.0602
8323.3452    2.0602
8324.5952    2.0603
8325.8452    2.0603
8327.0952    2.0603
8328.3452    2.0604
8329.5952    2.0604
8330.8452    2.0604
8332.0952    2.0605
8333.3452    2.0605
8334.5952    2.0606
8335.8452    2.0606
8337.0952    2.0606
8338.3452    2.0607
8339.5952    2.0607
8340.8452    2.0607
8342.0952    2.0608
8343.3452    2.0608
8344.5952    2.0608
8345.8452    2.0609
8347.0952    2.0609
8348.3452    2.0610
8349.5952    2.0610
8350.8452    2.0610
8352.0952    2.0611
8353.3452    2.0611
8354.5952    2.0611
8355.8452    2.0612
8357.0952    2.0612
8358.3452    2.0612
8359.5952    2.0613
8360.8452    2.0613
8362.0952    2.0614
8363.3452    2.0614
8364.5952    2.0614
8365.8452    2.0615
8367.0952    2.0615
8368.3452    2.0615
8369.5952    2.0616
8370.8452    2.0616
8372.0952    2.0616
8373.3452    2.0617
8374.5952    2.0617
8375.8452    2.0618
8377.0952    2.0618
8378.3452    2.0618
8379.5952    2.0619
8380.8452    2.0619
8382.0952    2.0619
8383.3452    2.0620
8384.5952    2.0620
8385.8452    2.0621
8387.0952    2.0621
8388.3452    2.0621
8389.5952    2.0622
8390.8452    2.0622
8392.0952    2.0623
8393.3452    2.0623
8394.5952    2.0623
8395.8452    2.0624
8397.0952    2.0624
8398.3452    2.0624
8399.5952    2.0625
8400.8452    2.0625
8402.0952    2.0626
8403.3452    2.0626
8404.5952    2.0626
8405.8452    2.0627
8407.0952    2.0627
8408.3452    2.0627
8409.5952    2.0628
8410.8452    2.0628
8412.0952    2.0629
8413.3452    2.0629
8414.5952    2.0629
8415.8452    2.0630
8417.0952    2.0630
8418.3452    2.0631
8419.5952    2.0631
8420.8452    2.0631
8422.0952    2.0632
8423.3452    2.0632
8424.5952    2.0633
8425.8452    2.0633
8427.0952    2.0633
8428.3452    2.0634
8429.5952    2.0634
8430.8452    2.0635
8432.0952    2.0635
8433.3452    2.0635
8434.5952    2.0636
8435.8452    2.0636
8437.0952    2.0637
8438.3452    2.0637
8439.5952    2.0637
8440.8452    2.0638
8442.0952    2.0638
8443.3452    2.0638
8444.5952    2.0639
8445.8452    2.0639
8447.0952    2.0640
8448.3452    2.0640
8449.5952    2.0641
8450.8452    2.0641
8452.0952    2.0641
8453.3452    2.0642
8454.5952    2.0642
8455.8452    2.0643
8457.0952    2.0643
8458.3452    2.0643
8459.5952    2.0644
8460.8452    2.0644
8462.0952    2.0645
8463.3452    2.0645
8464.5952    2.0645
8465.8452    2.0646
8467.0952    2.0646
8468.3452    2.0647
8469.5952    2.0647
8470.8452    2.0647
8472.0952    2.0648
8473.3452    2.0648
8474.5952    2.0649
8475.8452    2.0649
8477.0952    2.0649
8478.3452    2.0650
8479.5952    2.0650
8480.8452    2.0651
8482.0952    2.0651
8483.3452    2.0652
8484.5952    2.0652
8485.8452    2.0652
8487.0952    2.0653
8488.3452    2.0653
8489.5952    2.0654
8490.8452    2.0654
8492.0952    2.0655
8493.3452    2.0655
8494.5952    2.0655
8495.8452    2.0656
8497.0952    2.0656
8498.3452    2.0657
8499.5952    2.0657
8500.8452    2.0657
8502.0952    2.0658
8503.3452    2.0658
8504.5952    2.0659
8505.8452    2.0659
8507.0952    2.0660
8508.3452    2.0660
8509.5952    2.0660
8510.8452    2.0661
8512.0952    2.0661
8513.3452    2.0662
8514.5952    2.0662
8515.8452    2.0663
8517.0952    2.0663
8518.3452    2.0663
8519.5952    2.0664
8520.8452    2.0664
8522.0952    2.0665
8523.3452    2.0665
8524.5952    2.0666
8525.8452    2.0666
8527.0952    2.0666
8528.3452    2.0667
8529.5952    2.0667
8530.8452    2.0668
8532.0952    2.0668
8533.3452    2.0669
8534.5952    2.0669
8535.8452    2.0670
8537.0952    2.0670
8538.3452    2.0670
8539.5952    2.0671
8540.8452    2.0671
8542.0952    2.0672
8543.3452    2.0672
8544.5952    2.0673
8545.8452    2.0673
8547.0952    2.0674
8548.3452    2.0674
8549.5952    2.0674
8550.8452    2.0675
8552.0952    2.0675
8553.3452    2.0676
8554.5952    2.0676
8555.8452    2.0677
8557.0952    2.0677
8558.3452    2.0678
8559.5952    2.0678
8560.8452    2.0678
8562.0952    2.0679
8563.3452    2.0679
8564.5952    2.0680
8565.8452    2.0680
8567.0952    2.0681
8568.3452    2.0681
8569.5952    2.0682
8570.8452    2.0682
8572.0952    2.0683
8573.3452    2.0683
8574.5952    2.0683
8575.8452    2.0684
8577.0952    2.0684
8578.3452    2.0685
8579.5952    2.0685
8580.8452    2.0686
8582.0952    2.0686
8583.3452    2.0687
8584.5952    2.0687
8585.8452    2.0688
8587.0952    2.0688
8588.3452    2.0688
8589.5952    2.0689
8590.8452    2.0689
8592.0952    2.0690
8593.3452    2.0690
8594.5952    2.0691
8595.8452    2.0691
8597.0952    2.0692
8598.3452    2.0692
8599.5952    2.0693
8600.8452    2.0693
8602.0952    2.0694
8603.3452    2.0694
8604.5952    2.0695
8605.8452    2.0695
8607.0952    2.0695
8608.3452    2.0696
8609.5952    2.0696
8610.8452    2.0697
8612.0952    2.0697
8613.3452    2.0698
8614.5952    2.0698
8615.8452    2.0699
8617.0952    2.0699
8618.3452    2.0700
8619.5952    2.0700
8620.8452    2.0701
8622.0952    2.0701
8623.3452    2.0702
8624.5952    2.0702
8625.8452    2.0703
8627.0952    2.0703
8628.3452    2.0704
8629.5952    2.0704
8630.8452    2.0705
8632.0952    2.0705
8633.3452    2.0705
8634.5952    2.0706
8635.8452    2.0706
8637.0952    2.0707
8638.3452    2.0707
8639.5952    2.0708
8640.8452    2.0708
8642.0952    2.0709
8643.3452    2.0709
8644.5952    2.0710
8645.8452    2.0710
8647.0952    2.0711
8648.3452    2.0711
8649.5952    2.0712
8650.8452    2.0712
8652.0952    2.0713
8653.3452    2.0713
8654.5952    2.0714
8655.8452    2.0714
8657.0952    2.0715
8658.3452    2.0715
8659.5952    2.0716
8660.8452    2.0716
8662.0952    2.0717
8663.3452    2.0717
8664.5952    2.0718
8665.8452    2.0718
8667.0952    2.0719
8668.3452    2.0719
8669.5952    2.0720
8670.8452    2.0720
8672.0952    2.0721
8673.3452    2.0721
8674.5952    2.0722
8675.8452    2.0722
8677.0952    2.0723
8678.3452    2.0723
8679.5952    2.0724
8680.8452    2.0724
8682.0952    2.0725
8683.3452    2.0725
8684.5952    2.0726
8685.8452    2.0726
8687.0952    2.0727
8688.3452    2.0727
8689.5952    2.0728
8690.8452    2.0728
8692.0952    2.0729
8693.3452    2.0729
8694.5952    2.0730
8695.8452    2.0730
8697.0952    2.0731
8698.3452    2.0731
8699.5952    2.0732
8700.8452    2.0732
8702.0952    2.0733
8703.3452    2.0733
8704.5952    2.0734
8705.8452    2.0734
8707.0952    2.0735
8708.3452    2.0735
8709.5952    2.0736
8710.8452    2.0737
8712.0952    2.0737
8713.3452    2.0738
8714.5952    2.0738
8715.8452    2.0739
8717.0952    2.0739
8718.3452    2.0740
8719.5952    2.0740
8720.8452    2.0741
8722.0952    2.0741
8723.3452    2.0742
8724.5952    2.0742
8725.8452    2.0743
8727.0952    2.0743
8728.3452    2.0744
8729.5952    2.0744
8730.8452    2.0745
8732.0952    2.0745
8733.3452    2.0746
8734.5952    2.0746
8735.8452    2.0747
8737.0952    2.0748
8738.3452    2.0748
8739.5952    2.0749
8740.8452    2.0749
8742.0952    2.0750
8743.3452    2.0750
8744.5952    2.0751
8745.8452    2.0751
8747.0952    2.0752
8748.3452    2.0752
8749.5952    2.0753
8750.8452    2.0753
8752.0952    2.0754
8753.3452    2.0755
8754.5952    2.0755
8755.8452    2.0756
8757.0952    2.0756
8758.3452    2.0757
8759.5952    2.0757
8760.8452    2.0758
8762.0952    2.0758
8763.3452    2.0759
8764.5952    2.0759
8765.8452    2.0760
8767.0952    2.0760
8768.3452    2.0761
8769.5952    2.0762
8770.8452    2.0762
8772.0952    2.0763
8773.3452    2.0763
8774.5952    2.0764
8775.8452    2.0764
8777.0952    2.0765
8778.3452    2.0765
8779.5952    2.0766
8780.8452    2.0767
8782.0952    2.0767
8783.3452    2.0768
8784.5952    2.0768
8785.8452    2.0769
8787.0952    2.0769
8788.3452    2.0770
8789.5952    2.0770
8790.8452    2.0771
8792.0952    2.0772
8793.3452    2.0772
8794.5952    2.0773
8795.8452    2.0773
8797.0952    2.0774
8798.3452    2.0774
8799.5952    2.0775
8800.8452    2.0775
8802.0952    2.0776
8803.3452    2.0777
8804.5952    2.0777
8805.8452    2.0778
8807.0952    2.0778
8808.3452    2.0779
8809.5952    2.0779
8810.8452    2.0780
8812.0952    2.0781
8813.3452    2.0781
8814.5952    2.0782
8815.8452    2.0782
8817.0952    2.0783
8818.3452    2.0783
8819.5952    2.0784
8820.8452    2.0785
8822.0952    2.0785
8823.3452    2.0786
8824.5952    2.0786
8825.8452    2.0787
8827.0952    2.0787
8828.3452    2.0788
8829.5952    2.0789
8830.8452    2.0789
8832.0952    2.0790
8833.3452    2.0790
8834.5952    2.0791
8835.8452    2.0791
8837.0952    2.0792
8838.3452    2.0793
8839.5952    2.0793
8840.8452    2.0794
8842.0952    2.0794
8843.3452    2.0795
8844.5952    2.0795
8845.8452    2.0796
8847.0952    2.0797
8848.3452    2.0797
8849.5952    2.0798
8850.8452    2.0798
8852.0952    2.0799
8853.3452    2.0800
8854.5952    2.0800
8855.8452    2.0801
8857.0952    2.0801
8858.3452    2.0802
8859.5952    2.0803
8860.8452    2.0803
8862.0952    2.0804
8863.3452    2.0804
8864.5952    2.0805
8865.8452    2.0806
8867.0952    2.0806
8868.3452    2.0807
8869.5952    2.0807
8870.8452    2.0808
8872.0952    2.0808
8873.3452    2.0809
8874.5952    2.0810
8875.8452    2.0810
8877.0952    2.0811
8878.3452    2.0811
8879.5952    2.0812
8880.8452    2.0813
8882.0952    2.0813
8883.3452    2.0814
8884.5952    2.0815
8885.8452    2.0815
8887.0952    2.0816
8888.3452    2.0816
8889.5952    2.0817
8890.8452    2.0818
8892.0952    2.0818
8893.3452    2.0819
8894.5952    2.0819
8895.8452    2.0820
8897.0952    2.0821
8898.3452    2.0821
8899.5952    2.0822
8900.8452    2.0822
8902.0952    2.0823
8903.3452    2.0824
8904.5952    2.0824
8905.8452    2.0825
8907.0952    2.0825
8908.3452    2.0826
8909.5952    2.0827
8910.8452    2.0827
8912.0952    2.0828
8913.3452    2.0829
8914.5952    2.0829
8915.8452    2.0830
8917.0952    2.0830
8918.3452    2.0831
8919.5952    2.0832
8920.8452    2.0832
8922.0952    2.0833
8923.3452    2.0834
8924.5952    2.0834
8925.8452    2.0835
8927.0952    2.0835
8928.3452    2.0836
8929.5952    2.0837
8930.8452    2.0837
8932.0952    2.0838
8933.3452    2.0839
8934.5952    2.0839
8935.8452    2.0840
8937.0952    2.0840
8938.3452    2.0841
8939.5952    2.0842
8940.8452    2.0842
8942.0952    2.0843
8943.3452    2.0844
8944.5952    2.0844
8945.8452    2.0845
8947.0952    2.0846
8948.3452    2.0846
8949.5952    2.0847
8950.8452    2.0847
8952.0952    2.0848
8953.3452    2.0849
8954.5952    2.0849
8955.8452    2.0850
8957.0952    2.0851
8958.3452    2.0851
8959.5952    2.0852
8960.8452    2.0853
8962.0952    2.0853
8963.3452    2.0854
8964.5952    2.0855
8965.8452    2.0855
8967.0952    2.0856
8968.3452    2.0856
8969.5952    2.0857
8970.8452    2.0858
8972.0952    2.0858
8973.3452    2.0859
8974.5952    2.0860
8975.8452    2.0860
8977.0952    2.0861
8978.3452    2.0862
8979.5952    2.0862
8980.8452    2.0863
8982.0952    2.0864
8983.3452    2.0864
8984.5952    2.0865
8985.8452    2.0866
8987.0952    2.0866
8988.3452    2.0867
8989.5952    2.0868
8990.8452    2.0868
8992.0952    2.0869
8993.3452    2.0870
8994.5952    2.0870
8995.8452    2.0871
8997.0952    2.0872
8998.3452    2.0872
8999.5952    2.0873
9000.8452    2.0874
9002.0952    2.0874
9003.3452    2.0875
9004.5952    2.0876
9005.8452    2.0876
9007.0952    2.0877
9008.3452    2.0878
9009.5952    2.0878
9010.8452    2.0879
9012.0952    2.0880
9013.3452    2.0880
9014.5952    2.0881
9015.8452    2.0882
9017.0952    2.0882
9018.3452    2.0883
9019.5952    2.0884
9020.8452    2.0884
9022.0952    2.0885
9023.3452    2.0886
9024.5952    2.0886
9025.8452    2.0887
9027.0952    2.0888
9028.3452    2.0888
9029.5952    2.0889
9030.8452    2.0890
9032.0952    2.0890
9033.3452    2.0891
9034.5952    2.0892
9035.8452    2.0893
9037.0952    2.0893
9038.3452    2.0894
9039.5952    2.0895
9040.8452    2.0895
9042.0952    2.0896
9043.3452    2.0897
9044.5952    2.0897
9045.8452    2.0898
9047.0952    2.0899
9048.3452    2.0899
9049.5952    2.0900
9050.8452    2.0901
9052.0952    2.0901
9053.3452    2.0902
9054.5952    2.0903
9055.8452    2.0904
9057.0952    2.0904
9058.3452    2.0905
9059.5952    2.0906
9060.8452    2.0906
9062.0952    2.0907
9063.3452    2.0908
9064.5952    2.0908
9065.8452    2.0909
9067.0952    2.0910
9068.3452    2.0911
9069.5952    2.0911
9070.8452    2.0912
9072.0952    2.0913
9073.3452    2.0913
9074.5952    2.0914
9075.8452    2.0915
9077.0952    2.0916
9078.3452    2.0916
9079.5952    2.0917
9080.8452    2.0918
9082.0952    2.0918
9083.3452    2.0919
9084.5952    2.0920
9085.8452    2.0920
9087.0952    2.0921
9088.3452    2.0922
9089.5952    2.0923
9090.8452    2.0923
9092.0952    2.0924
9093.3452    2.0925
9094.5952    2.0925
9095.8452    2.0926
9097.0952    2.0927
9098.3452    2.0928
9099.5952    2.0928
9100.8452    2.0929
9102.0952    2.0930
9103.3452    2.0931
9104.5952    2.0931
9105.8452    2.0932
9107.0952    2.0933
9108.3452    2.0933
9109.5952    2.0934
9110.8452    2.0935
9112.0952    2.0936
9113.3452    2.0936
9114.5952    2.0937
9115.8452    2.0938
9117.0952    2.0939
9118.3452    2.0939
9119.5952    2.0940
9120.8452    2.0941
9122.0952    2.0941
9123.3452    2.0942
9124.5952    2.0943
9125.8452    2.0944
9127.0952    2.0944
9128.3452    2.0945
9129.5952    2.0946
9130.8452    2.0947
9132.0952    2.0947
9133.3452    2.0948
9134.5952    2.0949
9135.8452    2.0950
9137.0952    2.0950
9138.3452    2.0951
9139.5952    2.0952
9140.8452    2.0953
9142.0952    2.0953
9143.3452    2.0954
9144.5952    2.0955
9145.8452    2.0956
9147.0952    2.0956
9148.3452    2.0957
9149.5952    2.0958
9150.8452    2.0959
9152.0952    2.0959
9153.3452    2.0960
9154.5952    2.0961
9155.8452    2.0962
9157.0952    2.0962
9158.3452    2.0963
9159.5952    2.0964
9160.8452    2.0965
9162.0952    2.0965
9163.3452    2.0966
9164.5952    2.0967
9165.8452    2.0968
9167.0952    2.0968
9168.3452    2.0969
9169.5952    2.0970
9170.8452    2.0971
9172.0952    2.0971
9173.3452    2.0972
9174.5952    2.0973
9175.8452    2.0974
9177.0952    2.0974
9178.3452    2.0975
9179.5952    2.0976
9180.8452    2.0977
9182.0952    2.0978
9183.3452    2.0978
9184.5952    2.0979
9185.8452    2.0980
9187.0952    2.0981
9188.3452    2.0981
9189.5952    2.0982
9190.8452    2.0983
9192.0952    2.0984
9193.3452    2.0984
9194.5952    2.0985
9195.8452    2.0986
9197.0952    2.0987
9198.3452    2.0988
9199.5952    2.0988
9200.8452    2.0989
9202.0952    2.0990
9203.3452    2.0991
9204.5952    2.0991
9205.8452    2.0992
9207.0952    2.0993
9208.3452    2.0994
9209.5952    2.0995
9210.8452    2.0995
9212.0952    2.0996
9213.3452    2.0997
9214.5952    2.0998
9215.8452    2.0999
9217.0952    2.0999
9218.3452    2.1000
9219.5952    2.1001
9220.8452    2.1002
9222.0952    2.1003
9223.3452    2.1003
9224.5952    2.1004
9225.8452    2.1005
9227.0952    2.1006
9228.3452    2.1006
9229.5952    2.1007
9230.8452    2.1008
9232.0952    2.1009
9233.3452    2.1010
9234.5952    2.1010
9235.8452    2.1011
9237.0952    2.1012
9238.3452    2.1013
9239.5952    2.1014
9240.8452    2.1014
9242.0952    2.1015
9243.3452    2.1016
9244.5952    2.1017
9245.8452    2.1018
9247.0952    2.1019
9248.3452    2.1019
9249.5952    2.1020
9250.8452    2.1021
9252.0952    2.1022
9253.3452    2.1023
9254.5952    2.1023
9255.8452    2.1024
9257.0952    2.1025
9258.3452    2.1026
9259.5952    2.1027
9260.8452    2.1027
9262.0952    2.1028
9263.3452    2.1029
9264.5952    2.1030
9265.8452    2.1031
9267.0952    2.1032
9268.3452    2.1032
9269.5952    2.1033
9270.8452    2.1034
9272.0952    2.1035
9273.3452    2.1036
9274.5952    2.1036
9275.8452    2.1037
9277.0952    2.1038
9278.3452    2.1039
9279.5952    2.1040
9280.8452    2.1041
9282.0952    2.1041
9283.3452    2.1042
9284.5952    2.1043
9285.8452    2.1044
9287.0952    2.1045
9288.3452    2.1046
9289.5952    2.1046
9290.8452    2.1047
9292.0952    2.1048
9293.3452    2.1049
9294.5952    2.1050
9295.8452    2.1051
9297.0952    2.1051
9298.3452    2.1052
9299.5952    2.1053
9300.8452    2.1054
9302.0952    2.1055
9303.3452    2.1056
9304.5952    2.1056
9305.8452    2.1057
9307.0952    2.1058
9308.3452    2.1059
9309.5952    2.1060
9310.8452    2.1061
9312.0952    2.1062
9313.3452    2.1062
9314.5952    2.1063
9315.8452    2.1064
9317.0952    2.1065
9318.3452    2.1066
9319.5952    2.1067
9320.8452    2.1067
9322.0952    2.1068
9323.3452    2.1069
9324.5952    2.1070
9325.8452    2.1071
9327.0952    2.1072
9328.3452    2.1073
9329.5952    2.1073
9330.8452    2.1074
9332.0952    2.1075
9333.3452    2.1076
9334.5952    2.1077
9335.8452    2.1078
9337.0952    2.1079
9338.3452    2.1079
9339.5952    2.1080
9340.8452    2.1081
9342.0952    2.1082
9343.3452    2.1083
9344.5952    2.1084
9345.8452    2.1085
9347.0952    2.1086
9348.3452    2.1086
9349.5952    2.1087
9350.8452    2.1088
